tests/assets/qtables/gaia.ecsv
# %ECSV 1.0
# ---
# datatype:
# - name: gaia_id
#   datatype: int64
#   description: Unique source identifier (unique within a particular Data Release)
#   meta: !!omap
#   - {ucd: meta.id}
# - name: phot_g_mean_mag
#   unit: mag
#   datatype: float32
#   description: G-band mean magnitude
#   meta: !!omap
#   - {ucd: phot.mag;em.opt}
# - name: phot_bp_mean_mag
#   unit: mag
#   datatype: float32
#   description: Integrated BP mean magnitude
#   meta: !!omap
#   - {ucd: phot.mag;em.opt.B}
# - name: phot_rp_mean_mag
#   unit: mag
#   datatype: float32
#   description: Integrated RP mean magnitude
#   meta: !!omap
#   - {ucd: phot.mag;em.opt.R}
# - name: phot_g_mean_flux_over_error
#   datatype: float32
#   description: G-band mean flux divided by its error
#   meta: !!omap
#   - {ucd: stat.snr;phot.flux;em.opt}
# - name: phot_bp_mean_flux_over_error
#   datatype: float32
#   description: Integrated BP mean flux divided by its error
#   meta: !!omap
#   - {ucd: stat.snr;phot.flux;em.opt.B}
# - name: phot_rp_mean_flux_over_error
#   datatype: float32
#   description: Integrated RP mean flux divided by its error
#   meta: !!omap
#   - {ucd: stat.snr;phot.flux;em.opt.R}
# - name: phot_variable_flag
#   datatype: string
#   description: Photometric variability flag
#   meta: !!omap
#   - {ucd: meta.code;src.var}
#   - {_votable_string_dtype: char}
#   subtype: json
# - name: teff_gspphot
#   unit: K
#   datatype: float32
#   description: Effective temperature from GSP-Phot Aeneas best library using BP/RP spectra
#   meta: !!omap
#   - {ucd: phys.temperature.effective}
# - name: teff_gspspec
#   unit: K
#   datatype: float32
#   description: Effective temperature from GSP-Spec MatisseGauguin using RVS spectra and Monte Carlo realisations
#   meta: !!omap
#   - {ucd: phys.temperature.effective;stat.median}
# - name: teff_esphs
#   unit: K
#   datatype: float32
#   description: Effective temperature from ESP-HS
#   meta: !!omap
#   - {ucd: phys.temperature.effective}
# - name: teff_espucd
#   unit: K
#   datatype: float32
#   description: Effective temperature estimate from ESP-UCD based on the RP spectrum
#   meta: !!omap
#   - {ucd: phys.temperature.effective}
# - name: teff_msc1
#   unit: K
#   datatype: float32
#   description: Effective temperature of the primary from MSC using BP/RP spectra and parallax
#   meta: !!omap
#   - {ucd: phys.temperature.effective}
# - name: teff_msc2
#   unit: K
#   datatype: float32
#   description: Effective temperature of the secondary from MSC using BP/RP spectra and parallax
#   meta: !!omap
#   - {ucd: phys.temperature.effective}
# - name: mh_gspphot
#   unit: dex
#   datatype: float32
#   description: Iron abundance from GSP-Phot Aeneas best library using BP/RP spectra
#   meta: !!omap
#   - {ucd: phys.abund.Fe}
# - name: distance_gspphot
#   unit: pc
#   datatype: float32
#   description: Distance from GSP-Phot Aeneas best library using BP/RP spectra
#   meta: !!omap
#   - {ucd: pos.distance}
# - name: distance_msc
#   unit: pc
#   datatype: float32
#   description: Distance from MSC using BP/RP spectra and parallax
#   meta: !!omap
#   - {ucd: pos.distance}
# - name: mg_gspphot
#   unit: mag
#   datatype: float32
#   description: Absolute magnitude $M_{\rm G}$ from GSP-Phot Aeneas best library using BP/RP spectra
#   meta: !!omap
[...]
#       __info__:
#         description: Effective temperature from GSP-Spec MatisseGauguin using RVS spectra and Monte Carlo realisations
#         meta: {ucd: phys.temperature.effective;stat.median}
#       unit: *id004
#       value: !astropy.table.SerializedColumn
#         __class__: astropy.utils.masked.core.MaskedNDArray
#         data: !astropy.table.SerializedColumn {name: teff_gspspec}
#     teff_msc1:
#       __class__: astropy.units.quantity.Quantity
#       __info__:
#         description: Effective temperature of the primary from MSC using BP/RP spectra and parallax
#         meta: {ucd: phys.temperature.effective}
#       unit: *id004
#       value: !astropy.table.SerializedColumn
#         __class__: astropy.utils.masked.core.MaskedNDArray
#         data: !astropy.table.SerializedColumn {name: teff_msc1}
#     teff_msc2:
#       __class__: astropy.units.quantity.Quantity
#       __info__:
#         description: Effective temperature of the secondary from MSC using BP/RP spectra and parallax
#         meta: {ucd: phys.temperature.effective}
#       unit: *id004
#       value: !astropy.table.SerializedColumn
#         __class__: astropy.utils.masked.core.MaskedNDArray
#         data: !astropy.table.SerializedColumn {name: teff_msc2}
# schema: astropy-2.0
gaia_id phot_g_mean_mag phot_bp_mean_mag phot_rp_mean_mag phot_g_mean_flux_over_error phot_bp_mean_flux_over_error phot_rp_mean_flux_over_error phot_variable_flag teff_gspphot teff_gspspec teff_esphs teff_espucd teff_msc1 teff_msc2 mh_gspphot distance_gspphot distance_msc mg_gspphot spectraltype_esphs age_flame mass_flame lum_flame radius_flame radius_gspphot
[from data line 72]
381245486452394624 11.685234 12.075494 11.127834 6892.776 1909.3777 2545.6255 """NOT_AVAILABLE""" 5274.6567 5320.0 "" "" 5305.74 5373.2554 -0.4984 178.0017 237.25397 5.4479 """G""" 8.318342 0.86782366 0.5340672 0.86276853 0.8558
381785316594569472 10.262553 10.651459 9.705895 4581.2915 2842.2065 3750.622 """NOT_AVAILABLE""" 5467.3755 5448.0 "" "" 5455.259 4519.018 -0.08 88.3194 106.44075 5.4071 """G""" "" "" 0.51588327 0.800241 0.7949
394260478607563136 9.988328 10.377979 9.430022 6040.903 4633.557 6099.314 """NOT_AVAILABLE""" 5396.87 5343.0 "" "" 5700.797 4705.559 -0.0645 83.8539 105.569305 5.2882 """G""" 6.112812 0.8977788 0.5781154 0.86886317 0.865
398607191666132352 9.804908 10.185218 9.260195 3944.9312 2753.9597 5956.5503 """NOT_AVAILABLE""" 5407.386 5462.0 "" "" 5446.4683 5414.257 0.1602 89.7192 102.36975 5.0216 """G""" "" 0.85881895 0.72759753 0.97225636 0.9717
398824551370607744 9.324138 9.660434 8.815767 7694.0986 2561.8948 3936.6965 """NOT_AVAILABLE""" 5653.8945 5616.0 "" "" 5898.628 4753.034 -0.1859 76.7436 87.1069 4.8397 """G""" 5.3723826 0.9646643 0.85054535 0.9615269 0.9622
399376196970086400 6.7406116 6.9143367 6.3048677 2018.4381 771.5418 525.10394 """NOT_AVAILABLE""" "" 6631.0 "" "" 7115.635 6400.615 "" "" 73.70285 "" """F""" "" "" "" "" ""
399411381342103040 10.6054125 11.035522 10.012828 6770.9624 1746.7236 2685.4592 """NOT_AVAILABLE""" 5218.071 5311.0 "" "" 5425.994 5092.1167 0.3179 109.879 136.99443 5.3497 """K""" "" 0.8317313 0.5570874 0.9144961 0.9107
402652187569910400 11.251674 11.795765 10.559834 2580.7812 1496.6486 2296.9165 """NOT_AVAILABLE""" 4690.3325 4927.0 "" "" 4995.965 4491.196 0.0487 88.7831 124.573586 6.4709 """K""" 8.362328 0.74856293 0.22573547 0.7193842 0.7157
404518269257392768 10.896462 11.273623 10.346632 3916.18 1080.55 1765.1089 """NOT_AVAILABLE""" "" 5420.0 "" "" 5682.3696 4716.407 "" "" 174.70517 "" """G""" "" "" "" "" ""
406239722210332288 11.187862 11.5305395 10.673272 1514.3297 456.01025 813.07623 """VARIABLE""" 5934.402 5945.0 "" "" 5865.528 4809.1846 -0.0889 186.7527 212.88739 4.5973 """F""" 0.20509452 1.0856978 1.0702332 0.9786982 0.9678
406254874855107328 11.682011 12.122861 11.053606 2149.6592 1750.6948 3047.787 """VARIABLE""" 5120.1353 5346.0 "" "" 5151.39 4880.508 -0.3409 149.5172 176.57703 5.6617 """K""" 11.476729 0.81489116 0.4207405 0.82448894 0.8304
406278381213935744 11.653559 12.006732 11.125412 5615.1484 1768.5181 2739.1853 """NOT_AVAILABLE""" 5428.0454 6568.0 "" "" 5722.0723 4743.5723 -1.317 226.3141 265.86624 4.839 """G""" "" 0.8800356 0.902078 1.0738881 1.076
416803559352939136 9.580543 9.916245 9.075477 4218.2305 1217.1527 1432.8066 """NOT_AVAILABLE""" 5797.38 5844.0 "" "" 5999.244 4893.8945 0.1881 91.9834 106.40833 4.6681 """G""" 2.6768403 1.0245405 0.972687 0.97795445 0.9782
573325464835318016 11.666364 11.958547 11.219436 5278.046 2495.5962 3839.758 """NOT_AVAILABLE""" 5928.3125 5967.0 "" "" 6139.3506 5397.7188 -0.1987 287.3805 385.82205 4.3675 """F""" 4.2608395 1.0497544 1.3148977 1.0859464 1.0823
573517948090064256 10.569981 10.864463 10.109607 7800.228 2270.3813 3687.2605 """NOT_AVAILABLE""" 5903.1177 5926.0 "" "" 6008.9863 5801.42 -0.546 261.6609 266.68146 3.4677 """F""" 6.5748067 1.1287621 3.1225939 1.6865854 1.6668
574076293837140480 11.40728 11.66413 10.992071 4538.8145 1806.7583 2931.993 """NOT_AVAILABLE""" 6147.853 6154.0 "" "" 6394.9746 5315.0254 -0.2257 289.1611 396.19922 4.0951 """F""" 2.1468236 1.1398911 1.694724 1.1473649 1.1404
2754918918463844224 10.947307 11.304294 10.426678 3250.295 1124.2634 1476.8138 """NOT_AVAILABLE""" 5550.1064 5721.0 "" "" 5700.301 5083.0645 0.0916 159.1718 198.06888 4.9092 """G""" 9.476323 0.91033286 0.8016073 0.96831834 0.9644
2755635387728454528 9.73468 10.064919 9.233187 6311.7905 2299.6812 5256.514 """NOT_AVAILABLE""" 5724.7715 5723.0 "" "" 5997.8945 4881.83 -0.2456 89.3558 115.24312 4.9046 """G""" 0.78199005 1.0140767 0.804774 0.912796 0.9107
2769059531350539008 11.737101 12.234853 11.082026 6614.4097 2062.1763 2493.3733 """NOT_AVAILABLE""" 4802.225 4948.0 "" "" 4994.0615 4398.5264 -0.1485 123.6959 150.63895 6.2613 """K""" 8.40868 0.76906 0.26226494 0.7399253 0.7401
2776169523291206400 10.932702 11.321506 10.379101 3845.0198 2375.0369 2949.1106 """NOT_AVAILABLE""" 5487.0015 5399.0 "" "" 5299.0845 5203.632 -0.0348 123.5266 160.09654 5.3536 """G""" "" "" 0.54081833 0.8135035 0.808
2776549404558613248 10.927438 11.329651 10.356133 6622.6216 1912.1465 2132.0427 """NOT_AVAILABLE""" 5257.161 5453.0 "" "" 5392.7744 4898.668 -0.0445 123.0948 148.85513 5.445 """G""" 9.481686 0.85103005 0.50334555 0.85530233 0.8565
2777996327501031552 11.499289 11.98726 10.852912 3962.4502 2181.0369 2816.8762 """NOT_AVAILABLE""" 4828.343 4938.0 "" "" 5026.089 4859.1514 -0.375 117.204 154.62299 6.148 """K""" 10.120279 0.7863438 0.31626245 0.77084374 0.7696
2781772703265731968 11.382689 11.758453 10.836278 2301.2336 1937.9907 2487.6238 """VARIABLE""" 5514.778 5592.0 "" "" 5531.076 5322.2534 -0.0925 154.0541 218.31744 5.3392 """G""" "" "" 0.58118 0.8331004 0.8053
2783160149501096704 11.4654665 11.854403 10.9062195 1805.6743 1467.9972 2118.3115 """NOT_AVAILABLE""" 5386.756 5496.0 "" "" 5400.782 5437.365 -0.0438 155.9258 235.2335 5.4315 """G""" 3.0423727 0.914829 0.54071975 0.84420204 0.8133
2783173584158795008 11.14133 11.50848 10.605298 3770.9702 2567.692 2847.3162 """NOT_AVAILABLE""" 5536.16 5535.0 "" "" 5615.7485 5409.2646 -0.2314 150.1347 214.5426 5.1922 """G""" 2.2898169 0.95730096 0.65803695 0.8815204 0.8581
2785343642154922368 11.12585 11.529951 10.551318 3130.479 1086.9484 1894.4198 """NOT_AVAILABLE""" 5570.228 5445.0 "" "" 5450.1494 4829.508 -0.1456 152.6889 178.73901 4.9729 """K""" 7.4433846 0.934717 0.8154144 0.9634898 0.9332
2785363433364445696 10.226742 10.467468 9.825192 1939.8068 3369.6157 3833.314 """NOT_AVAILABLE""" 6316.0327 6223.0 "" "" 6530.0713 5724.9805 -0.6304 230.7476 275.43695 3.3622 """F""" 3.1408226 1.2689315 3.436318 1.5463451 1.5352
2785462251971780992 9.6908455 10.210381 9.018617 358.66003 97.92247 136.76826 """VARIABLE""" 4802.913 "" "" "" 4811.664 4016.7236 0.1237 48.9854 49.415413 6.2216 """K""" 12.406457 0.75565654 0.27138284 0.7523846 0.7517
2787734667628526336 10.266935 10.592924 9.771948 4792.5303 2388.0007 3141.2153 """NOT_AVAILABLE""" 5680.255 5741.0 "" "" 5899.92 5283.4844 -0.2362 118.5695 152.08817 4.8639 """G""" 3.704191 0.98355734 0.83934987 0.94582564 0.943
2788717390505527168 11.4663 11.906363 10.866756 2142.6619 1241.711 1868.8214 """NOT_AVAILABLE""" 5161.5566 5229.0 "" "" 5394.6943 4399.1553 -0.0463 132.4179 177.91885 5.7715 """K""" 0.41110778 0.8752239 0.38408467 0.7750246 0.77
2791213247540798336 9.698387 9.971949 9.261113 4639.592 3422.8691 5354.8853 """NOT_AVAILABLE""" 6006.6147 6269.0 "" "" 6280.258 5485.292 -0.1879 145.5717 165.62827 3.8731 """F""" 5.4208236 1.1112815 2.0541563 1.3231146 1.322
2793443950475409280 10.6251135 10.942778 10.14349 6768.975 2435.7712 3118.9465 """NOT_AVAILABLE""" 5723.882 5982.0 "" "" 5960.9814 5188.408 -0.1469 190.5183 213.95879 4.2155 """G""" 10.838123 0.96900237 1.5108944 1.2497528 1.2473
2793466456104092416 9.636819 9.979642 9.114671 1129.5432 364.7065 640.68445 """NOT_AVAILABLE""" 5716.562 5588.0 "" "" 5824.9766 4689.907 -0.0122 85.7192 96.31604 4.8486 """G""" 1.3711623 1.0126811 0.82590646 0.92697 0.932
2793969551393180928 10.582221 11.048596 9.957368 9104.446 2957.6846 5030.8687 """NOT_AVAILABLE""" 5045.2036 5064.0 "" "" 5296.6035 4712.833 0.3494 90.357 109.59341 5.755 """K""" "" 0.7931312 0.3925396 0.820134 0.8192
2795006974973633664 9.862323 10.157966 9.391966 5398.466 2628.2678 4119.7324 """NOT_AVAILABLE""" 5985.324 4250.0 "" "" 6210.8276 5134.6865 -0.9762 93.9212 147.74469 4.8828 """G""" "" "" 0.8588659 0.86184895 0.8564
2795259862647922560 9.593993 10.09242 8.9355 9145.316 4060.821 4775.0503 """NOT_AVAILABLE""" 4789.443 4792.0 "" "" 4889.533 4499.5293 -0.1592 49.9577 55.62613 6.0948 """K""" "" "" 0.30624354 0.8033335 0.8049
2797395732705009920 9.0815325 9.334583 8.660124 3753.7644 2841.9065 3594.8599 """NOT_AVAILABLE""" 6133.5728 "" "" "" 6307.853 5848.024 -0.8319 148.4315 156.4216 3.1949 """F""" 3.428583 1.3185775 4.183527 1.8085355 1.7655
2797589315470530816 9.576094 9.820027 9.173109 6947.0454 3490.1274 5180.841 """NOT_AVAILABLE""" 6248.8105 6295.0 "" "" 6496.783 5597.372 -0.2024 153.9433 207.10468 3.6272 """F""" 3.4126723 1.1939529 2.5786753 1.3696594 1.3682
2798666630707965952 10.278895 10.740388 9.651535 2767.5857 811.754 1313.2725 """VARIABLE""" 4932.76 5096.0 "" "" 5098.0293 4503.438 -0.1408 70.6249 82.53957 6.0243 """K""" 9.350083 0.78961545 0.31497726 0.7683741 0.7691
2799731129761703936 10.150621 10.509335 9.624226 7252.217 3086.8293 4988.2485 """NOT_AVAILABLE""" 5512.5684 5539.0 "" "" 5799.2676 4797.486 -0.0184 104.6944 124.25148 5.0164 """G""" 8.215297 0.91027385 0.727469 0.9336372 0.9341
2800532776817575808 11.815852 12.265108 11.203063 2006.7424 920.58655 1349.9097 """VARIABLE""" 5030.827 5081.0 "" "" 5363.2485 4700.6924 -0.0361 155.1811 207.26778 5.8363 """K""" 12.408314 0.79456383 0.37251043 0.80330974 0.7967
2800629155883586944 11.484802 11.901017 10.9005575 1580.1919 801.633 1273.3892 """NOT_AVAILABLE""" 5297.4746 5440.0 "" "" 5434.5244 4800.924 -0.0547 139.5517 199.99304 5.6543 """G""" "" "" 0.42990777 0.7780761 0.7632
2801331636438982528 9.393265 9.795652 8.8227825 3786.9636 1125.3602 1954.0574 """VARIABLE""" 5288.3564 5528.0 "" "" 5352.1465 4600.5625 -0.0604 59.0588 66.86777 5.4856 """G""" 4.6870704 0.8829345 0.4860409 0.8298331 0.828
2801524154052909696 10.936778 11.273137 10.432842 6329.692 3330.7222 4743.791 """NOT_AVAILABLE""" 5680.779 5673.0 "" "" 5877.7334 5340.6367 -0.062 189.2612 231.65208 4.4929 """G""" 11.113314 0.9441514 1.237874 1.1479775 1.114
2801524330148325504 10.38162 10.68352 9.912057 4920.529 3760.6533 5938.7617 """NOT_AVAILABLE""" 5812.0703 5957.0 "" "" 6099.6133 5273.0093 -0.1705 169.7009 198.8971 4.2192 """G""" 9.175412 0.9963234 1.5624756 1.2314582 1.2063
2803615910500873216 11.10805 11.477484 10.5706 3460.809 1586.9972 3150.6245 """NOT_AVAILABLE""" 5578.0894 5519.0 "" "" 5566.397 4984.748 -0.0541 154.6651 184.80019 5.0437 """G""" 3.1247163 0.961879 0.7122089 0.90265167 0.8986
2803834610235694208 7.4683485 7.711683 7.0571504 4066.0977 1057.9717 1798.5516 """NOT_AVAILABLE""" 6160.3193 6168.0 "" "" 6385.6357 6104.5845 -0.9361 83.9305 84.3116 2.8457 """F""" 2.9336274 1.4060646 5.554911 2.0690215 2.0632
2803985135954410368 10.973485 11.401167 10.367988 3538.322 1398.5587 2129.1147 """NOT_AVAILABLE""" 5010.9263 5277.0 "" "" 5182.327 4761.733 -0.877 136.3282 161.34781 5.249 """K""" "" "" 0.6499534 1.0683231 1.0648
2805819709760162304 11.036614 11.345163 10.565622 2334.6624 961.0667 1171.963 """NOT_AVAILABLE""" 5875.749 6113.0 "" "" 6077.9883 5098.0156 -0.0706 190.6485 263.03668 4.5643 """G""" 3.0693736 1.0452077 1.1349443 1.0249413 0.9857
2807299205735227392 11.712649 12.054025 11.196436 1923.2505 677.9798 1062.9165 """VARIABLE""" "" 5632.0 "" "" 5711.1357 5172.8145 "" "" 308.1203 "" """G""" "" "" "" "" ""
2808554293962318592 9.846207 10.420939 9.127468 4749.794 1449.4884 2326.0598 """NOT_AVAILABLE""" 4540.8276 4665.0 "" "" 4744.153 3996.671 0.0005 44.3987 47.9376 6.6139 """K""" "" 0.71591693 0.20609666 0.7334906 0.7349
2808644217692921472 11.596228 11.975775 11.05004 4027.1206 2418.528 2630.8208 """NOT_AVAILABLE""" 5470.1167 5653.0 "" "" 5601.1484 4685.5625 -0.1269 181.6636 234.34935 5.2067 """G""" 4.021736 0.9288895 0.62198496 0.87717646 0.872
2808657343112969088 10.7326 11.061736 10.237845 1208.1707 357.49234 475.37762 """NOT_AVAILABLE""" 5798.838 5829.0 "" "" 5952.38 4813.1055 -0.2133 155.1565 182.90417 4.6742 """G""" 3.3008733 1.019505 0.9981107 0.98986787 0.9842
2808682563160925952 8.874199 9.240895 8.334552 4673.7935 3737.164 4594.8496 """NOT_AVAILABLE""" 5393.396 5416.0 "" "" 5466.835 4899.693 -0.2364 51.9458 60.50618 5.281 """G""" 6.020455 0.8976832 0.5744649 0.8673901 0.8731
2808685964775023744 11.321426 11.671484 10.803225 2124.7637 1845.0424 3176.0984 """NOT_AVAILABLE""" 5704.7837 5551.0 "" "" 5703.824 5074.7236 -0.7706 192.2293 248.01904 4.7939 """G""" 3.6303816 0.99945223 0.9153519 0.96731013 0.9812
2808876347789682432 11.162872 11.619033 10.547686 2033.2788 1322.9977 1982.6512 """NOT_AVAILABLE""" 5025.453 5276.0 "" "" 5275.233 4749.756 -0.129 141.8062 161.9117 5.3471 """K""" "" "" 0.658119 1.0710002 0.9966
2809169264560105472 10.996877 11.281026 10.547158 3917.3215 2247.7 3241.8345 """NOT_AVAILABLE""" 5922.7827 5915.0 "" "" 6109.4824 5158.452 -0.4739 202.6234 280.28296 4.4489 """G""" 3.6970627 1.0527526 1.2602938 1.0649889 1.0529
2809390339411665920 9.99055 10.2494545 9.567083 4705.987 3147.3577 4122.015 """NOT_AVAILABLE""" 6082.3174 6337.0 "" "" 6323.3516 5442.7812 -0.5505 153.9489 197.54883 4.0447 """F""" 4.220239 1.1029667 1.7962996 1.206678 1.2053
2809606324727185024 10.496899 10.790727 10.040085 5323.4546 1929.0156 2414.758 """NOT_AVAILABLE""" 5913.955 6253.0 "" "" 6099.7417 5736.6543 -0.1336 215.5865 239.72263 3.8003 """F""" 7.5936675 1.0636249 2.2067327 1.4147781 1.4095
2848756497819382272 10.563436 10.992933 9.969762 7849.088 3283.1572 5428.0264 """NOT_AVAILABLE""" 5158.591 5205.0 "" "" 5222.9717 4599.945 0.0455 93.1064 109.88713 5.6788 """G""" 5.8126774 0.85012656 0.41425917 0.80658805 0.8049
2848761273822999808 10.763297 11.0738 10.28459 5098.088 2905.2502 3817.7493 """NOT_AVAILABLE""" 5741.3765 5928.0 "" "" 6068.5205 5089.9478 -0.2697 195.976 220.59286 4.2917 """G""" 10.268383 0.97053194 1.4253175 1.2049679 1.201
2848774983357891456 10.394219 10.795783 9.82664 2925.385 1162.083 1625.8881 """VARIABLE""" 5434.3784 5452.0 "" "" 5390.6255 5035.9795 0.0582 94.6922 119.40485 5.3853 """G""" "" "" 0.5214647 0.8149397 0.8132
2848979080203597312 8.099994 8.375785 7.6549435 4900.9614 3247.0068 3858.896 """NOT_AVAILABLE""" 5954.0073 6049.0 "" "" 5967.553 5228.466 -0.4552 54.9474 69.204735 4.3903 """F""" 3.2371614 1.0663493 1.2943369 1.069223 1.0704
2855865871283966720 11.498305 11.977338 10.865734 740.7349 221.4922 321.83948 """NOT_AVAILABLE""" 4951.2573 "" "" "" 5206.9253 4198.5615 -0.8461 151.3575 148.65784 5.4607 """K""" "" "" 0.53154963 0.98958266 0.9939
2856523409301885312 11.97411 12.386268 11.394535 5648.9385 2253.243 3843.65 """NOT_AVAILABLE""" 5377.6553 5264.0 "" "" 5322.1953 4586.718 -0.4681 168.3286 216.34769 5.7068 """K""" "" "" 0.4172487 0.7430473 0.7268
2859768862684677888 11.403717 11.723829 10.895957 1783.6284 877.61597 409.4428 """NOT_AVAILABLE""" 5777.6113 6013.0 "" "" 5991.837 5000.6074 -0.1775 218.1629 279.20938 4.6445 """G""" 5.150221 0.99760866 1.0313592 1.0136673 1.0048
2861704587265072896 10.180744 10.483811 9.712064 4006.6257 4813.8013 4147.497 """NOT_AVAILABLE""" 5836.0083 5998.0 "" "" 6096.1333 5297.5254 -0.2782 143.8538 175.96124 4.3607 """G""" 7.631179 1.0032011 1.3718832 1.1457895 1.1245
2863982672278859904 10.854234 11.123774 10.4218445 7067.1187 3546.234 4923.2466 """NOT_AVAILABLE""" 6034.573 6174.0 "" "" 6293.8438 5399.035 -0.2982 215.6877 295.98648 4.1762 """F""" 4.2125325 1.0842805 1.6074545 1.1598594 1.1433
