tests/assets/qtables/gaia.ecsv
# %ECSV 1.0
# ---
# datatype:
# - name: gaia_id
#   datatype: int64
#   description: Unique source identifier (unique within a particular Data Release)
#   meta: !!omap
#   - {ucd: meta.id}
# - name: phot_g_mean_mag
#   unit: mag
#   datatype: float32
#   description: G-band mean magnitude
#   meta: !!omap
#   - {ucd: phot.mag;em.opt}
# - name: phot_bp_mean_mag
#   unit: mag
#   datatype: float32
#   description: Integrated BP mean magnitude
#   meta: !!omap
#   - {ucd: phot.mag;em.opt.B}
# - name: phot_rp_mean_mag
#   unit: mag
#   datatype: float32
#   description: Integrated RP mean magnitude
#   meta: !!omap
#   - {ucd: phot.mag;em.opt.R}
# - name: phot_g_mean_flux_over_error
#   datatype: float32
#   description: G-band mean flux divided by its error
#   meta: !!omap
#   - {ucd: stat.snr;phot.flux;em.opt}
# - {name: phot_g_mean_flux_over_error.mask, datatype: bool}
# - name: phot_bp_mean_flux_over_error
#   datatype: float32
#   description: Integrated BP mean flux divided by its error
#   meta: !!omap
#   - {ucd: stat.snr;phot.flux;em.opt.B}
# - {name: phot_bp_mean_flux_over_error.mask, datatype: bool}
# - name: phot_rp_mean_flux_over_error
#   datatype: float32
#   description: Integrated RP mean flux divided by its error
#   meta: !!omap
#   - {ucd: stat.snr;phot.flux;em.opt.R}
# - {name: phot_rp_mean_flux_over_error.mask, datatype: bool}
# - name: phot_variable_flag
#   datatype: string
#   description: Photometric variability flag
#   meta: !!omap
#   - {ucd: meta.code;src.var}
#   - {_votable_string_dtype: char}
#   subtype: json
# - name: teff_gspphot
#   unit: K
#   datatype: float32
#   description: Effective temperature from GSP-Phot Aeneas best library using BP/RP spectra
#   meta: !!omap
#   - {ucd: phys.temperature.effective}
# - name: teff_gspspec
#   unit: K
#   datatype: float32
#   description: Effective temperature from GSP-Spec MatisseGauguin using RVS spectra and Monte Carlo realisations
#   meta: !!omap
#   - {ucd: phys.temperature.effective;stat.median}
# - name: teff_esphs
#   unit: K
#   datatype: float32
#   description: Effective temperature from ESP-HS
#   meta: !!omap
#   - {ucd: phys.temperature.effective}
# - name: teff_espucd
#   unit: K
#   datatype: float32
#   description: Effective temperature estimate from ESP-UCD based on the RP spectrum
#   meta: !!omap
#   - {ucd: phys.temperature.effective}
# - name: teff_msc1
#   unit: K
#   datatype: float32
#   description: Effective temperature of the primary from MSC using BP/RP spectra and parallax
#   meta: !!omap
#   - {ucd: phys.temperature.effective}
# - name: teff_msc2
#   unit: K
#   datatype: float32
#   description: Effective temperature of the secondary from MSC using BP/RP spectra and parallax
#   meta: !!omap
#   - {ucd: phys.temperature.effective}
# - name: mh_gspphot
#   unit: dex
#   datatype: float32
#   description: Iron abundance from GSP-Phot Aeneas best library using BP/RP spectra
#   meta: !!omap
#   - {ucd: phys.abund.Fe}
# - name: distance_gspphot
#   unit: pc
#   datatype: float32
#   description: Distance from GSP-Phot Aeneas best library using BP/RP spectra
#   meta: !!omap
#   - {ucd: pos.distance}
# - name: distance_msc
#   unit: pc
#   datatype: float32
#   description: Distance from MSC using BP/RP spectra and parallax
#   meta: !!omap
[...]
#         meta: {ucd: phys.temperature.effective;stat.median}
#       unit: *id004
#       value: !astropy.table.SerializedColumn
#         __class__: astropy.utils.masked.core.MaskedNDArray
#         data: !astropy.table.SerializedColumn {name: teff_gspspec}
#     teff_msc1:
#       __class__: astropy.units.quantity.Quantity
#       __info__:
#         description: Effective temperature of the primary from MSC using BP/RP spectra and parallax
#         meta: {ucd: phys.temperature.effective}
#       unit: *id004
#       value: !astropy.table.SerializedColumn
#         __class__: astropy.utils.masked.core.MaskedNDArray
#         data: !astropy.table.SerializedColumn {name: teff_msc1}
#     teff_msc2:
#       __class__: astropy.units.quantity.Quantity
#       __info__:
#         description: Effective temperature of the secondary from MSC using BP/RP spectra and parallax
#         meta: {ucd: phys.temperature.effective}
#       unit: *id004
#       value: !astropy.table.SerializedColumn
#         __class__: astropy.utils.masked.core.MaskedNDArray
#         data: !astropy.table.SerializedColumn {name: teff_msc2}
# schema: astropy-2.0
gaia_id phot_g_mean_mag phot_bp_mean_mag phot_rp_mean_mag phot_g_mean_flux_over_error phot_g_mean_flux_over_error.mask phot_bp_mean_flux_over_error phot_bp_mean_flux_over_error.mask phot_rp_mean_flux_over_error phot_rp_mean_flux_over_error.mask phot_variable_flag teff_gspphot teff_gspspec teff_esphs teff_espucd teff_msc1 teff_msc2 mh_gspphot distance_gspphot distance_msc mg_gspphot spectraltype_esphs age_flame mass_flame lum_flame radius_flame radius_gspphot
[from data line 139]
5209299420242893184 9.860921 10.201518 9.353407 4745.0645 False 2778.4194 False 2473.1658 False """NOT_AVAILABLE""" 5557.8633 5661.0 "" "" 5671.563 4768.3184 -0.2963 98.0894 111.122406 4.8949 """G""" 9.761941 0.91018057 0.8212418 0.97714484 0.9762
5215690640816365952 12.834895 13.001577 12.25985 1796.1057 False 192.06827 False 636.4064 False """NOT_AVAILABLE""" "" "" "" "" 5838.4375 5493.3486 "" "" 583.6013 "" """""" "" "" "" "" ""
5215690640816366080 10.727291 10.922731 10.353979 5786.0625 False 955.45984 False 263.82373 False """NOT_AVAILABLE""" 7120.4565 "" "" "" 6924.483 5912.21 -0.456 606.0399 569.96606 1.543 """F""" 1.1903154 1.848125 17.33896 2.7343454 2.7735
5247224664362873728 10.081306 10.324755 9.678848 4660.607 False 3656.3313 False 4718.0015 False """NOT_AVAILABLE""" 6557.7495 6761.0 "" "" 6395.452 5646.2314 -0.6977 271.4852 278.9892 2.7424 """F""" 2.1691244 1.4464114 6.030546 1.9024864 1.8976
5247292116826741504 10.723865 10.994731 10.087497 1669.723 False 453.63306 False 564.532 False """NOT_AVAILABLE""" 6010.857 "" "" "" 5099.9053 5317.544 -0.7057 135.081 139.01698 4.626 """G""" "" "" 1.0116185 0.9263668 0.9489
5249932525297323008 9.074029 9.110823 8.976585 3725.3455 False 2062.3271 False 2698.7441 False """NOT_AVAILABLE""" "" "" 9283.406 "" 7592.075 7204.6416 "" "" 410.73898 "" """A""" "" "" "" "" ""
5257582824137241344 9.567208 9.408429 9.526097 1986.8595 False 816.52704 False 1348.2976 False """VARIABLE""" 16926.498 "" 16963.95 "" 7404.48 7605.4756 0.7717 1294.598 589.21436 -1.3925 """B""" "" 5.7225027 1370.3411 4.3055143 3.7249
5258157314647941888 10.172261 10.012589 9.705147 1789.0831 False 36.64765 False 33.669437 False """NOT_AVAILABLE""" 9777.014 "" "" "" 7406.662 7034.4004 0.6111 470.6585 475.1261 1.0303 """unknown""" 0.2977082 2.3088286 34.327465 2.0409563 2.0691
5278147471121748224 10.341646 10.567539 9.952147 4817.041 False 2965.8354 False 3623.2896 False """NOT_AVAILABLE""" 6670.4346 "" "" "" 6698.1084 5698.4014 -0.8272 303.254 320.9939 2.7567 """F""" 1.9687227 1.4511088 5.971669 1.8301561 1.8282
5296160254722839296 10.884897 11.062486 10.573372 4659.809 False 1721.253 False 3365.232 False """NOT_AVAILABLE""" 8169.7686 "" 7772.3438 "" 7603.545 5798.1562 -0.5818 400.6893 483.91827 2.3073 """A""" "" 1.7091632 8.904637 1.4895976 1.5239
5299081107374317184 9.758239 9.796028 9.663522 3720.8792 False 1947.7472 False 4232.187 False """NOT_AVAILABLE""" 9987.305 7325.0 9883.53 "" 7600.123 7598.9883 -0.5101 909.0777 587.3445 -0.3752 """B""" 0.33526173 2.9024673 112.39661 3.542277 3.9745
5301898674629223424 8.439852 8.477089 8.330515 3224.8752 False 1572.2428 False 3216.15 False """VARIABLE""" "" "" 9528.671 "" 7600.1167 7600.025 "" "" 319.04663 "" """A""" "" "" "" "" ""
5310244002267126400 8.189 8.246565 8.049059 4081.7424 False 2250.4958 False 2666.7305 False """NOT_AVAILABLE""" 10002.01 "" 9095.335 "" 7599.5474 7600.58 0.334 290.4707 284.02393 0.3996 """A""" 0.355091 2.6552863 71.74182 2.823043 2.7197
5310970160975211008 8.776053 8.772404 8.747696 4052.988 False 2056.6082 False 4086.997 False """NOT_AVAILABLE""" 11866.254 "" 11163.419 "" 7599.4683 7598.1143 -1.3113 470.3131 370.7255 0.1265 """B""" "" 3.1257112 120.09839 2.5857568 2.6952
5312912791851427840 5.427502 5.379567 5.4820848 1735.8628 False 835.8062 False 1080.71 False """NOT_AVAILABLE""" 12728.685 "" "" "" 7598.901 7601.966 -0.7103 132.3704 80.558304 -0.2891 """B""" "" 3.5762007 217.92441 3.0322652 3.0317
5321241283179461120 12.536339 12.372195 11.542678 444.6967 False 6.507357 False 31.257568 False """NOT_AVAILABLE""" "" "" "" "" 5326.3525 4448.251 "" "" 215.1359 "" """""" "" "" "" "" ""
5321241283189288704 9.922306 10.133512 9.474323 3960.9834 False 264.39847 False 236.73701 False """NOT_AVAILABLE""" 6225.1646 "" "" "" 6598.4062 5803.183 -0.5486 202.2269 218.54025 3.3737 """F""" 3.4988108 1.2551512 3.3367856 1.5697037 1.5665
5322417520110230400 10.409082 10.793455 9.860142 5511.9556 False 3219.9373 False 4795.17 False """NOT_AVAILABLE""" 5483.147 5385.0 "" "" 5701.5635 4698.1855 0.0646 104.7372 124.67279 5.2176 """G""" 1.8129795 0.9471462 0.6050769 0.8618856 0.86
5322826504079431296 8.90185 8.83021 8.657607 274.13065 False 1447.4901 False 1231.918 False """VARIABLE""" "" "" 8776.4795 "" 7599.9897 7599.5664 "" "" 376.3465 "" """B""" "" "" "" "" ""
5325454783543157760 9.887869 9.952063 9.756775 4057.1724 False 2432.4927 False 4319.52 False """NOT_AVAILABLE""" 9367.278 "" 8223.843 "" 7595.879 7603.8604 0.0414 358.0569 663.4999 1.7873 """A""" "" 2.0107818 16.683392 1.5506881 1.5624
5357886734438478848 8.561299 9.130897 7.845717 4560.975 False 1222.9839 False 1690.0486 False """NOT_AVAILABLE""" 4551.947 4705.0 "" "" 4609.588 3890.8223 -0.094 23.7113 24.19054 6.6889 """K""" 12.746572 0.7119836 0.19276172 0.7059322 0.705
5368266433430785280 10.738358 11.081801 10.228202 10273.674 False 3374.8088 False 4017.562 False """NOT_AVAILABLE""" 5664.6846 5700.0 "" "" 5794.593 5307.7217 0.0284 181.337 197.79956 4.3801 """G""" 11.927829 0.93966824 1.300065 1.1821616 1.1766
5392041345156957696 9.748604 9.6165085 9.583865 2603.482 False 160.89914 False 134.01524 False """VARIABLE""" 11874.087 "" 15350.568 "" 7600.092 7600.0063 -1.4614 656.1916 568.6682 0.3801 """B""" "" 2.9617705 85.03359 2.1782088 2.4066
5447924023636569344 9.902565 10.082818 9.581851 3504.1807 False 1395.1633 False 1901.0118 False """NOT_AVAILABLE""" 6899.886 7000.0 "" "" 6965.8623 5901.7876 -0.461 287.1901 307.1148 2.551 """F""" 1.5799172 1.5216526 7.111609 1.866095 1.8625
5452615261794584960 10.965907 11.67966 10.15328 3375.3967 False 1353.5092 False 1968.6934 False """VARIABLE""" "" 4398.0 "" "" 4375.702 3610.5347 "" "" 58.865295 "" """K""" "" "" "" "" ""
5513717974811809792 10.243991 10.681639 9.645449 3696.0767 False 1867.4365 False 2709.9695 False """NOT_AVAILABLE""" 5107.962 5320.0 "" "" 5844.4023 4341.239 -0.0223 307.9822 174.70837 2.7485 """G""" 3.105615 1.4402329 6.3924255 3.2274742 3.1859
5523403843318058624 10.727169 10.800906 10.566247 6103.8223 False 3699.3083 False 4969.929 False """NOT_AVAILABLE""" "" "" 10317.094 "" 7600.311 7603.322 "" "" 1215.3701 "" """B""" "" "" "" "" ""
5533812202648246784 10.923916 11.190928 10.495917 4946.856 False 1477.2362 False 2021.456 False """NOT_AVAILABLE""" 6071.3813 6314.0 "" "" 6299.762 5149.958 -0.2126 232.4341 307.35474 4.0828 """F""" 3.9879446 1.097854 1.6978583 1.1774125 1.1755
5540514065315160576 10.872273 11.059313 10.546992 5433.007 False 2402.8875 False 3213.5613 False """NOT_AVAILABLE""" 6822.4 "" "" "" 7316.15 5784.479 -0.5371 385.927 438.013 2.8985 """F""" 1.628115 1.4317764 5.3200336 1.6507529 1.6274
5579734916388215808 7.598622 7.5229273 7.5822425 3197.1436 False 158.64345 False 120.10205 False """NOT_AVAILABLE""" 11018.025 "" "" "" 7599.796 7200.9995 0.0605 225.4572 207.43727 0.7599 """B""" "" 2.6715994 57.829777 2.0851662 2.1014
5587573167284647296 10.91735 11.128922 10.558185 5283.6255 False 2451.6248 False 3415.3972 False """NOT_AVAILABLE""" 6613.048 6885.0 "" "" 6929.4 5799.801 -0.2031 355.485 398.18555 3.1136 """F""" 2.005702 1.3360119 3.9698327 1.5181335 1.5549
5592015297342611968 8.739241 9.120507 8.18648 6339.327 False 3403.4849 False 3808.9407 False """NOT_AVAILABLE""" 5454.17 5374.0 "" "" 5441.337 4783.545 -0.2023 52.1071 54.183327 5.0899 """G""" 9.071643 0.89208543 0.6729387 0.91806054 0.9282
5604231696156773760 7.461679 7.3883286 7.562257 1969.6183 False 960.7299 False 1274.1991 False """VARIABLE""" 15665.813 "" 15094.14 "" 7599.8833 7600.572 0.0065 620.7061 204.59155 -1.7202 """B""" "" 5.1548524 965.8808 4.2167034 4.786
5616646762986692608 9.831047 10.233527 9.226233 3432.2004 False 2802.9004 False 3574.3645 False """NOT_AVAILABLE""" 7290.4424 6719.0 "" "" 5369.464 7446.624 -0.8669 3847.126 568.5841 -4.4482 """A""" "" "" "" "" 41.0434
5616803683912480768 8.293417 8.210892 8.381599 1892.4769 False 2309.9397 False 2321.613 False """VARIABLE""" 15388.752 8199.0 16197.786 "" 7603.662 7598.655 0.637 815.3871 296.7914 -1.4248 """B""" "" 4.4563165 421.4432 2.865268 4.1011
5619947252068985216 8.3901615 8.351933 8.406773 2564.5315 False 2804.7537 False 2101.3882 False """VARIABLE""" 11664.981 "" 11784.134 "" 7597.072 7213.562 0.283 588.8853 295.27002 -0.6212 """B""" "" 3.1920476 142.8816 2.9256577 3.7125
5693477371366326016 9.898281 9.834413 9.173574 103.4835 False 1429.0424 False 1795.0992 False """NOT_AVAILABLE""" "" "" "" "" "" "" "" "" "" "" """F""" "" "" "" "" ""
5853010598735017600 9.3703165 9.624639 8.949487 7437.0986 False 4729.5083 False 4703.0186 False """NOT_AVAILABLE""" "" "" "" "" 6210.333 6300.8257 "" "" 232.00519 "" """F""" "" "" "" "" ""
5854151891821526528 10.03094 10.1246605 9.829163 2550.6584 False 2540.599 False 2227.47 False """NOT_AVAILABLE""" 10510.54 7475.0 10613.0625 "" 7599.8477 7203.623 -0.404 872.0191 644.17566 -0.3676 """B""" 0.2835778 2.7076337 72.295685 2.5677896 3.7418
5888123914871847424 10.456176 10.523344 10.312402 4071.0188 False 3031.925 False 4209.368 False """NOT_AVAILABLE""" "" "" 8849.864 "" 7600.5547 7599.12 "" "" 809.8705 "" """A""" "" "" "" "" ""
5893134011402355968 9.644413 9.84518 9.294017 3961.9011 False 1896.3622 False 2587.9326 False """NOT_AVAILABLE""" 10766.758 "" "" "" 7451.129 6901.992 0.2477 305.4464 386.83636 1.0344 """A""" "" 2.5542471 47.126106 1.9839402 1.8894
5911182735242698496 12.6769085 12.977192 12.213111 5229.265 False 2851.5913 False 3150.0605 False """VARIABLE""" "" 6000.0 "" "" 6053.814 5299.512 "" "" 588.6615 "" """F""" "" "" "" "" ""
6032746832450438400 11.466937 11.7600765 11.0041895 2372.7644 False 895.18463 False 1137.841 False """VARIABLE""" 6242.985 5999.0 "" "" 5993.117 5683.028 -0.3091 300.8648 383.0085 3.8813 """F""" 2.2835407 1.1723726 2.0285141 1.2175927 1.2247
6042793005779654656 11.383261 11.639228 10.966457 2638.6965 False 1844.4191 False 2705.4417 False """VARIABLE""" 6617.9907 6689.0 "" "" 6400.0723 5384.07 -0.5265 387.8962 441.3097 3.1984 """F""" 2.0400026 1.3472102 4.157421 1.5507603 1.5055
6341398511080515712 12.731943 13.127087 12.163784 5275.772 False 1594.9105 False 2871.2288 False """NOT_AVAILABLE""" 5793.276 6463.0 "" "" 5210.049 5396.961 -0.3063 730.3906 505.068 3.0717 """G""" 5.7072477 1.2001854 3.5787065 2.2480059 2.0715
6342406969401289088 13.208521 14.414775 12.114814 3632.2878 False 653.30927 False 1510.2389 False """NOT_AVAILABLE""" 3642.957 3503.0 "" "" 3401.481 3299.7798 0.0509 68.8664 75.467125 8.6758 """M""" "" "" 0.049788155 0.56201994 0.5571
6356417496318028800 7.9835877 8.499775 7.3132944 3457.3784 False 1155.7188 False 1848.8839 False """NOT_AVAILABLE""" 4740.542 5025.0 "" "" 4822.956 4385.001 0.0176 23.6371 24.182692 6.1137 """K""" 9.647628 0.78337026 0.30572224 0.81973535 0.8193
6357011163877476096 10.044317 10.317175 9.611687 7461.271 False 4831.623 False 5132.807 False """NOT_AVAILABLE""" 6070.805 6192.0 "" "" 6240.069 5403.716 0.0362 166.8953 203.58493 3.922 """F""" 4.7814136 1.1063583 1.9318995 1.2562089 1.2564
6357524189130820992 9.4067745 9.681005 8.969153 6587.45 False 3397.2927 False 3829.3342 False """NOT_AVAILABLE""" 6023.965 5908.0 "" "" 6230.787 5381.0 -0.092 128.8174 147.37119 3.8461 """F""" 5.240899 1.1169884 2.0865343 1.3260648 1.3267
6373601591750055424 11.201126 11.667249 10.575982 4422.224 False 2058.3289 False 3128.5461 False """NOT_AVAILABLE""" 4996.7056 4932.0 "" "" 5100.3027 4599.8945 -0.089 106.4413 131.6271 6.0025 """K""" 2.6214187 0.8301993 0.32332203 0.7581562 0.7502
6414269022170353664 10.918736 11.265416 10.401893 6246.3647 False 2824.2512 False 3700.9138 False """NOT_AVAILABLE""" 5642.258 5994.0 "" "" 5762.954 4936.962 -0.3277 240.1995 240.05322 3.9179 """G""" 11.066191 0.9925838 2.032428 1.4905412 1.4846
6422184406374764416 9.285673 8.010282 7.745318 86.1283 False 17.907091 False 313.43054 False """NOT_AVAILABLE""" "" "" "" "" 7399.6606 6794.3955 "" "" 229.52975 "" """""" "" "" "" "" ""
6422184406377527936 8.227696 7.948831 7.739593 2016.7948 False 729.3118 False 444.97437 False """VARIABLE""" "" "" 11203.72 "" 7598.336 7227.0747 "" "" 238.97713 "" """B""" "" "" "" "" ""
6426188308031756288 12.044743 12.944171 11.1068735 5479.8516 False 2162.43 False 4055.482 False """NOT_AVAILABLE""" 4062.0195 3816.0 "" "" 4059.7222 3599.3403 0.0026 61.4323 68.372185 7.7516 """K""" "" "" 0.09054034 0.6076565 0.6042
6436995652638923392 10.862197 11.209204 10.347911 6577.353 False 2178.1538 False 3992.5342 False """NOT_AVAILABLE""" 5685.946 5675.0 "" "" 5798.013 5298.213 0.0875 164.8813 192.84244 4.6903 """G""" 7.67423 0.95610636 0.97822535 1.0193723 1.0115
6453566701615683456 10.264232 10.55588 9.808582 5721.4756 False 2823.256 False 4427.2246 False """NOT_AVAILABLE""" "" 6040.0 "" "" 6089.203 5813.037 "" "" 313.23444 "" """F""" "" "" "" "" ""
6462994429708755072 12.840169 13.1774235 12.3390665 3960.7236 False 1335.0548 False 2227.8289 False """NOT_AVAILABLE""" 5600.015 "" "" "" 5803.5605 4997.244 -0.3703 371.3808 517.9159 4.9691 """G""" 5.25653 0.94579756 0.7483181 0.9270745 0.9308
6468968316900356736 11.235408 12.455269 10.136737 1894.6599 False 724.80194 False 1373.878 False """NOT_AVAILABLE""" 3319.106 3339.0 "" "" 3432.2334 3202.2405 -0.5706 20.3902 20.445763 9.6538 """M""" "" "" 0.022187265 0.45054442 0.4496
6473033932942902528 8.82615 9.098147 8.384147 5025.808 False 4677.223 False 3186.0974 False """NOT_AVAILABLE""" 5987.7104 5998.0 "" "" 6217.3706 5311.34 -0.434 88.7421 104.29273 4.0742 """F""" 5.6243258 1.072345 1.7291836 1.2219012 1.2232
6518399301667782016 9.940329 10.272238 9.443357 4697.816 False 1939.6825 False 2481.3135 False """VARIABLE""" 5718.492 5875.0 "" "" 5894.9956 5221.914 0.0998 137.1138 144.87735 4.214 """G""" 10.938264 0.966947 1.5022215 1.2479352 1.2434
6614751532833886464 12.564566 12.848153 12.124265 2769.5288 False 1376.4753 False 2472.0417 False """VARIABLE""" 5978.694 6047.0 "" "" 6205.1006 5352.6465 -0.1358 460.2504 636.00366 4.243 """F""" 4.8576374 1.0623385 1.5100327 1.1455622 1.1238
6633448315749609472 10.004029 10.232684 9.627617 3345.63 False 2020.5913 False 3887.9863 False """NOT_AVAILABLE""" 6500.304 6050.0 "" "" 6705.1816 6301.7305 0.0608 237.4341 289.0571 3.0802 """F""" 2.452718 1.3362834 4.191612 1.6146883 1.6141
6636468291937180544 12.069861 12.459553 11.518578 6120.1484 False 1978.1182 False 3810.9524 False """NOT_AVAILABLE""" 5444.1245 5635.0 "" "" 5601.4697 5050.3066 0.1129 293.4973 307.04855 4.6486 """G""" 12.685858 0.9069868 1.0143679 1.1241853 1.1362
6638157661492231424 13.477487 13.740481 13.060171 4452.318 False 1244.1719 False 1425.4573 False """NOT_AVAILABLE""" 6482.2617 "" "" "" 6401.4375 5640.929 0.0292 1042.593 1198.1567 3.2034 """F""" 2.41213 1.3063885 3.7295063 1.5250843 1.5345
6638230431120193280 12.448839 12.828246 11.906363 5688.929 False 2001.733 False 2519.6384 False """VARIABLE""" 5603.0503 5605.0 "" "" 5634.2764 4877.591 0.0371 347.0714 373.76382 4.5926 """G""" 12.7568245 0.9121879 1.0839634 1.1049035 1.0933
6638412919991750912 13.88092 14.551479 13.098616 6811.8477 False 1352.7657 False 2462.3433 False """NOT_AVAILABLE""" 4607.9365 "" "" "" 4590.7617 4463.2236 0.7515 271.2924 338.7182 6.4746 """K""" "" "" 0.22674358 0.7470977 0.7514
6640975950310072960 11.712018 12.065789 11.198072 1641.5631 False 504.86996 False 681.3189 False """NOT_AVAILABLE""" 5673.8506 5711.0 "" "" 5800.1543 4998.7563 0.3235 249.5303 311.8701 4.6617 """G""" 8.668336 0.946761 0.99810565 1.034407 1.0255
6641996571978861440 8.526487 8.843421 8.036696 6573.02 False 3415.685 False 3043.9258 False """NOT_AVAILABLE""" 5695.868 5817.0 "" "" 5799.5586 5112.7734 -0.2131 56.5123 66.14668 4.7481 """G""" 5.825027 0.9717369 0.9262165 0.9882326 0.988
6653968157663516672 14.007727 15.67348 12.770943 1577.7039 False 383.2028 False 1205.182 False """NOT_AVAILABLE""" "" "" "" "" 3110.1094 3092.8618 "" "" 29.818424 "" """M""" "" "" "" "" ""
