tests/assets/qtables/gaia_known_exoplanets.ecsv
# %ECSV 1.0
# ---
# datatype:
# - name: gaia_id
#   datatype: int64
#   description: Unique source identifier (unique within a particular Data Release)
#   meta: !!omap
#   - {ucd: meta.id}
# - name: phot_g_mean_mag
#   unit: mag
#   datatype: float32
#   description: G-band mean magnitude
#   meta: !!omap
#   - {ucd: phot.mag;em.opt}
# - name: phot_bp_mean_mag
#   unit: mag
#   datatype: float32
#   description: Integrated BP mean magnitude
#   meta: !!omap
#   - {ucd: phot.mag;em.opt.B}
# - name: phot_rp_mean_mag
#   unit: mag
#   datatype: float32
#   description: Integrated RP mean magnitude
#   meta: !!omap
#   - {ucd: phot.mag;em.opt.R}
# - name: phot_g_mean_flux_over_error
#   datatype: float32
#   description: G-band mean flux divided by its error
#   meta: !!omap
#   - {ucd: stat.snr;phot.flux;em.opt}
# - {name: phot_g_mean_flux_over_error.mask, datatype: bool}
# - name: phot_bp_mean_flux_over_error
#   datatype: float32
#   description: Integrated BP mean flux divided by its error
#   meta: !!omap
#   - {ucd: stat.snr;phot.flux;em.opt.B}
# - {name: phot_bp_mean_flux_over_error.mask, datatype: bool}
# - name: phot_rp_mean_flux_over_error
#   datatype: float32
#   description: Integrated RP mean flux divided by its error
#   meta: !!omap
#   - {ucd: stat.snr;phot.flux;em.opt.R}
# - {name: phot_rp_mean_flux_over_error.mask, datatype: bool}
# - name: phot_variable_flag
#   datatype: string
#   description: Photometric variability flag
#   meta: !!omap
#   - {ucd: meta.code;src.var}
#   - {_votable_string_dtype: char}
#   subtype: json
# - name: teff_gspphot
#   unit: K
#   datatype: float32
#   description: Effective temperature from GSP-Phot Aeneas best library using BP/RP spectra
#   meta: !!omap
#   - {ucd: phys.temperature.effective}
# - name: teff_gspspec
#   unit: K
#   datatype: float32
#   description: Effective temperature from GSP-Spec MatisseGauguin using RVS spectra and Monte Carlo realisations
#   meta: !!omap
#   - {ucd: phys.temperature.effective;stat.median}
# - name: teff_esphs
#   unit: K
#   datatype: float32
#   description: Effective temperature from ESP-HS
#   meta: !!omap
#   - {ucd: phys.temperature.effective}
# - name: teff_espucd
#   unit: K
#   datatype: float32
#   description: Effective temperature estimate from ESP-UCD based on the RP spectrum
#   meta: !!omap
#   - {ucd: phys.temperature.effective}
# - name: teff_msc1
#   unit: K
#   datatype: float32
#   description: Effective temperature of the primary from MSC using BP/RP spectra and parallax
#   meta: !!omap
#   - {ucd: phys.temperature.effective}
# - name: teff_msc2
#   unit: K
#   datatype: float32
#   description: Effective temperature of the secondary from MSC using BP/RP spectra and parallax
#   meta: !!omap
#   - {ucd: phys.temperature.effective}
# - name: mh_gspphot
#   unit: dex
#   datatype: float32
#   description: Iron abundance from GSP-Phot Aeneas best library using BP/RP spectra
#   meta: !!omap
#   - {ucd: phys.abund.Fe}
# - name: distance_gspphot
#   unit: pc
#   datatype: float32
#   description: Distance from GSP-Phot Aeneas best library using BP/RP spectra
#   meta: !!omap
#   - {ucd: pos.distance}
# - name: distance_msc
#   unit: pc
#   datatype: float32
#   description: Distance from MSC using BP/RP spectra and parallax
#   meta: !!omap
[...]
#         meta: {ucd: phys.temperature.effective;stat.median}
#       unit: *id004
#       value: !astropy.table.SerializedColumn
#         __class__: astropy.utils.masked.core.MaskedNDArray
#         data: !astropy.table.SerializedColumn {name: teff_gspspec}
#     teff_msc1:
#       __class__: astropy.units.quantity.Quantity
#       __info__:
#         description: Effective temperature of the primary from MSC using BP/RP spectra and parallax
#         meta: {ucd: phys.temperature.effective}
#       unit: *id004
#       value: !astropy.table.SerializedColumn
#         __class__: astropy.utils.masked.core.MaskedNDArray
#         data: !astropy.table.SerializedColumn {name: teff_msc1}
#     teff_msc2:
#       __class__: astropy.units.quantity.Quantity
#       __info__:
#         description: Effective temperature of the secondary from MSC using BP/RP spectra and parallax
#         meta: {ucd: phys.temperature.effective}
#       unit: *id004
#       value: !astropy.table.SerializedColumn
#         __class__: astropy.utils.masked.core.MaskedNDArray
#         data: !astropy.table.SerializedColumn {name: teff_msc2}
# schema: astropy-2.0
gaia_id phot_g_mean_mag phot_bp_mean_mag phot_rp_mean_mag phot_g_mean_flux_over_error phot_g_mean_flux_over_error.mask phot_bp_mean_flux_over_error phot_bp_mean_flux_over_error.mask phot_rp_mean_flux_over_error phot_rp_mean_flux_over_error.mask phot_variable_flag teff_gspphot teff_gspspec teff_esphs teff_espucd teff_msc1 teff_msc2 mh_gspphot distance_gspphot distance_msc mg_gspphot spectraltype_esphs age_flame mass_flame lum_flame radius_flame radius_gspphot
[from data line 69]
2101941434002832000 15.2898035 15.842295 14.596459 3265.3564 False 531.1053 False 663.5838 False """NOT_AVAILABLE""" 4711.6904 "" "" "" 4825.8203 4753.6973 0.1809 608.5447 829.4416 6.3097 """K""" "" "" 0.2682562 0.77857256 0.7605
2102038912581334656 13.757101 14.302974 13.064599 8022.97 False 1227.398 False 1543.8715 False """NOT_AVAILABLE""" "" "" "" "" 4841.0957 4798.555 "" "" 484.15424 "" """K""" "" "" "" "" ""
2102983496146969856 15.788944 16.184526 15.230859 3167.3674 False 392.84332 False 432.252 False """NOT_AVAILABLE""" 5365.995 "" "" "" 5701.207 4831.786 -0.3578 964.9387 1713.12 5.7818 """G""" "" "" 0.44344246 0.7706968 0.7035
2103115403182003328 13.960874 14.049157 13.193205 1656.8187 False 156.1167 False 223.32867 False """NOT_AVAILABLE""" "" "" "" "" 5383.092 5682.452 "" "" 937.85754 "" """B""" "" "" "" "" ""
2103377980301947264 14.395094 15.541193 13.331468 2718.0476 False 489.166 False 1040.514 False """VARIABLE""" 3732.2231 "" "" "" 3792.823 3283.599 -0.0368 133.1047 163.8665 8.3383 """M""" 13.245084 0.57136726 0.06335869 0.60057086 0.5968
2103452266056715392 10.784694 11.057791 10.352336 6264.195 False 2415.7878 False 4127.9756 False """NOT_AVAILABLE""" 6033.1323 6149.0 "" "" 6203.154 5420.1436 -0.1179 229.1526 278.7234 3.9743 """F""" 5.226249 1.0933282 1.8726547 1.2521625 1.2472
2103572731299093376 16.402374 16.967398 15.693852 1962.8466 False 276.10962 False 348.65182 False """NOT_AVAILABLE""" 4882.09 "" "" "" 5003.0996 4427.9062 0.001 983.3378 1352.5504 6.1502 """K""" 10.222129 0.78179276 0.34956673 0.82946646 0.7441
2103628462794226304 14.110277 14.501575 13.555937 5235.0537 False 1075.7335 False 1527.5302 False """NOT_AVAILABLE""" 5310.0967 "" "" "" 5409.365 5201.9614 -0.3158 559.5378 700.17505 5.3331 """G""" 11.675212 0.8488609 0.56399965 0.887592 0.8857
2103645814462282752 14.639585 15.442052 13.765358 3772.0823 False 522.9198 False 1226.3108 False """NOT_AVAILABLE""" 4378.328 "" "" "" 4401.127 3799.746 0.4239 286.0806 334.9804 6.9267 """K""" "" 0.6930664 0.16756074 0.70557517 0.7202
2103725219818080640 15.626539 16.01388 15.071752 3263.4617 False 620.3658 False 860.3752 False """NOT_AVAILABLE""" 5505.552 "" "" "" 5459.4316 5133.203 -0.079 1780.8116 1621.9233 4.2185 """F""" 10.848076 1.0103706 2.3080695 1.688877 1.3558
2103927495598786304 15.701793 16.142794 15.091701 2802.4355 False 373.41342 False 588.2185 False """NOT_AVAILABLE""" 5328.0024 "" "" "" 5217.365 4532.564 -0.5572 823.4528 1135.5376 5.9189 """G""" "" "" 0.40575027 0.7538316 0.6733
2103934504985435904 15.337148 15.876847 14.643588 3098.2961 False 449.36252 False 706.7879 False """NOT_AVAILABLE""" 4741.484 "" "" "" 4794.629 4683.1875 -0.0449 557.4391 811.8549 6.5166 """K""" 8.404482 0.75984484 0.24667028 0.7313356 0.68
2104527554068149120 15.262072 15.61281 14.748712 3643.393 False 464.03564 False 894.5636 False """NOT_AVAILABLE""" 5981.5664 "" "" "" 5772.664 5232.6553 0.2288 1640.8812 1576.481 3.9342 """G""" 7.8552933 0.98016495 1.1738116 1.0877236 1.2822
2104755256054840192 14.78641 15.214874 14.198385 4706.49 False 762.3293 False 1216.8811 False """NOT_AVAILABLE""" 5267.437 "" "" "" 5205.942 5270.9053 0.2052 865.1765 987.7131 5.0055 """G""" "" "" 0.7784257 1.054861 1.0389
2105091878412164352 15.021867 15.370613 14.510379 3347.0212 False 597.48303 False 853.19586 False """NOT_AVAILABLE""" 5688.3496 "" "" "" 5751.164 5296.6357 -0.046 1224.8053 1526.4055 4.4834 """F""" 11.261994 0.94845885 1.2955533 1.1713713 1.1135
2105192999121723392 15.229166 15.557827 14.733807 3073.9011 False 642.7516 False 856.37115 False """NOT_AVAILABLE""" 5796.0083 "" "" "" 5988.915 5054.34 -0.3058 2791.5022 1558.7885 2.8914 """G""" 8.044462 1.0766447 2.731538 1.6485817 2.2658
2105618029085927680 14.12361 14.535418 13.548651 5384.9355 False 819.26556 False 1430.8143 False """NOT_AVAILABLE""" 5330.454 "" "" "" 5235.074 5273.9297 -0.0302 535.5051 676.8711 5.3716 """G""" 10.209387 0.8614026 0.56956947 0.8845704 0.8565
2119617320366308736 14.750307 15.108422 14.22286 4305.5107 False 850.9311 False 1029.954 False """NOT_AVAILABLE""" 5653.7456 "" "" "" 5549.6875 5386.0947 -0.2907 815.8165 1201.3809 5.0415 """G""" 5.2151923 0.96302694 0.82668865 0.9521812 0.8738
2126432196518051200 15.108212 15.541749 14.515121 4100.2295 False 563.4808 False 904.74695 False """NOT_AVAILABLE""" 5208.5405 "" "" "" 5300.558 5134.3374 0.1157 861.57 1049.8157 5.3447 """K""" "" 0.8215143 0.5672678 0.9262471 0.9141
2126432677554353280 13.724655 14.070695 13.215489 5303.834 False 1217.4698 False 1978.057 False """NOT_AVAILABLE""" 5514.2754 "" "" "" 5802.0186 5155.6865 -0.4071 654.601 730.5569 4.6375 """G""" "" "" 1.0581346 1.1278509 1.122
2126632994828732032 12.860042 13.113253 12.453206 5557.4565 False 1390.8704 False 2980.9998 False """NOT_AVAILABLE""" 6174.014 "" "" "" 6529.575 5705.0137 -0.3481 677.1248 866.96826 3.7002 """F""" 3.8773184 1.1795169 2.5032585 1.3825128 1.3615
2127956360152391168 13.247179 13.761539 12.579743 9319.139 False 1515.8741 False 3256.9426 False """NOT_AVAILABLE""" 5168.095 "" "" "" 4954.912 4748.606 -0.0023 1077.7189 415.85886 2.7277 """K""" 10.9781685 1.0206071 4.671537 3.0841582 3.127
2127973677460755584 13.9878235 14.297079 13.51361 4731.821 False 905.9395 False 1937.8335 False """NOT_AVAILABLE""" 5791.8384 "" "" "" 5882.2266 5629.786 -0.5714 1466.3008 1118.1938 3.1093 """G""" 5.2774844 1.2108961 4.2492847 2.0177011 2.0542
2128215909315876352 9.398465 9.7875595 8.841339 7361.18 False 2221.7378 False 4675.0566 False """NOT_AVAILABLE""" 5388.936 5403.0 "" "" 5288.959 4901.6094 0.0601 68.0486 69.48877 5.1751 """G""" 10.910941 0.8680145 0.63245475 0.91191685 0.913
2128298617506651904 13.0856495 13.354265 12.665754 4383.8755 False 1640.6909 False 2751.266 False """NOT_AVAILABLE""" 6159.9136 "" "" "" 6318.129 5796.581 -0.0826 767.3935 884.05334 3.6212 """F""" 3.9452584 1.1872997 2.6028712 1.4135875 1.4057
2136815881249993600 9.700555 10.017774 9.213082 4417.116 False 1441.8752 False 1253.5531 False """NOT_AVAILABLE""" 5827.4766 5872.0 "" "" 5945.706 4852.6143 0.0953 108.1701 123.84741 4.4755 """G""" 5.7489834 1.0070835 1.1658406 1.0590172 1.0587
2188906825165621120 7.989994 8.106339 7.760967 4997.302 False 2043.3171 False 4106.2354 False """NOT_AVAILABLE""" 7426.445 7787.0 "" "" 7398.826 7413.3955 -0.1975 149.5083 192.0175 2.1172 """A""" 1.1086972 1.6816161 10.533552 1.9606391 1.955
2221164434736927360 11.732284 12.133762 11.170706 5241.124 False 1567.3243 False 1806.0294 False """NOT_AVAILABLE""" 5315.492 5449.0 "" "" 5516.7314 4901.0635 0.1803 201.8358 238.60358 5.1849 """G""" 11.600608 0.86228156 0.6343937 0.93921584 0.938
2233231540491361408 9.48766 9.86618 8.9380045 7718.09 False 1810.8455 False 3802.6462 False """NOT_AVAILABLE""" 5472.5195 5433.0 "" "" 5501.5693 4469.955 -0.105 65.9491 73.413605 5.2976 """G""" "" 0.95029634 0.5624191 0.8343248 0.8352
2254929887069708160 12.210217 12.572744 11.6833515 8821.041 False 2594.058 False 4437.079 False """NOT_AVAILABLE""" 5802.538 5273.0 "" "" 5603.3164 5600.2627 0.2933 506.96 489.30817 3.4982 """G""" 7.5536084 1.0963168 2.9181082 1.6899458 1.6703
2270404997834401664 14.295927 15.419631 13.241548 2918.9028 False 421.8532 False 897.1817 False """NOT_AVAILABLE""" 3752.0105 "" "" "" 3807.818 3398.978 -0.046 117.2255 126.61827 8.5205 """M""" 13.132696 0.54449815 0.05195161 0.53929096 0.5374
2289567870599358080 10.464037 10.877802 9.876825 4987.2334 False 2275.362 False 3561.7327 False """NOT_AVAILABLE""" 5397.5693 5271.0 "" "" 5376.4097 4459.0234 -0.2277 85.4416 102.306076 5.6141 """K""" "" "" 0.4279844 0.74836785 0.7475
2453680078509741056 12.177389 12.645714 11.558766 3801.5059 False 1850.1239 False 2791.394 False """NOT_AVAILABLE""" 4983.605 5180.0 "" "" 5196.5977 4986.622 0.1706 189.2636 246.76587 5.7871 """K""" "" "" 0.38586462 0.8352441 0.8353
2775311010868306048 11.20817 11.56523 10.686367 3470.1204 False 1769.6672 False 3107.7034 False """NOT_AVAILABLE""" 5486.2783 5653.0 "" "" 5797.558 5002.9043 -0.2279 169.2374 210.10934 5.047 """G""" 9.703218 0.89456815 0.7190156 0.9386918 0.9347
2913482170369046656 12.416805 12.668787 12.005967 6099.7925 False 2440.3074 False 3415.4148 False """NOT_AVAILABLE""" 6160.9077 5816.0 "" "" 6497.7427 5490.3506 -0.5486 487.5697 660.9246 3.9711 """F""" 3.1071618 1.1417469 1.92563 1.2174473 1.2152
2930141657016297216 11.312732 11.624411 10.835913 3538.3557 False 2254.728 False 2551.172 False """NOT_AVAILABLE""" 6184.962 6500.0 "" "" 5976.217 5311.4756 -0.1279 316.5858 326.7882 3.5759 """F""" 3.8153574 1.1825875 2.5274076 1.3846388 1.4273
2984391358868786816 13.417175 14.496161 12.3785 2574.382 False 624.1843 False 1200.618 False """NOT_AVAILABLE""" 3695.646 "" "" "" 3758.165 3408.8306 -0.344 90.964 94.20061 8.3255 """M""" 12.81139 0.5609482 0.05881831 0.59410226 0.6027
2984582227215748864 9.783354 10.184568 9.213981 8646.203 False 3425.947 False 4153.015 False """NOT_AVAILABLE""" 5410.338 5240.0 "" "" 5229.71 4899.2305 0.0858 74.7663 83.22766 5.2956 """G""" 3.8681455 0.9153163 0.5664555 0.8568936 0.856
3046327742219111808 12.455146 12.778107 11.969541 4117.108 False 1040.9376 False 1681.3136 False """NOT_AVAILABLE""" 5923.166 "" "" "" 5951.3047 5530.326 0.0467 447.8535 487.4073 4.0717 """F""" 6.4579277 1.058602 1.7085364 1.2419343 1.2344
3210444215030339584 12.53426 13.796407 11.419691 1995.3263 False 414.65155 False 979.03894 False """NOT_AVAILABLE""" "" 3457.0 "" "" 3697.2502 3207.1128 "" "" 47.413704 "" """M""" "" "" "" "" ""
3343402074506386176 12.37097 12.73631 11.84256 4141.061 False 1859.5167 False 1894.529 False """NOT_AVAILABLE""" 5755.1987 5755.0 "" "" 5693.642 5298.6484 -0.0984 581.2785 481.98376 3.3637 """G""" 7.8001666 1.1009969 3.0531635 1.905869 1.8232
3445148131761842944 12.449545 12.820856 11.914684 4275.2393 False 1931.074 False 1425.7942 False """NOT_AVAILABLE""" 5737.8066 5941.0 "" "" 5733.5244 4909.6406 0.0165 346.7639 387.0609 4.5487 """G""" 11.063802 0.93539685 1.1306071 1.1055393 1.067
3764588660860363264 12.466686 12.767354 12.0031395 3663.197 False 1702.8035 False 2694.0198 False """NOT_AVAILABLE""" 5832.94 "" "" "" 6099.578 5386.499 -0.0919 547.4644 570.1906 3.7667 """G""" 8.416487 1.0529655 2.316465 1.4905108 1.4699
4529634417760144896 8.346536 8.657072 7.864064 8644.168 False 6029.4536 False 5510.7344 False """NOT_AVAILABLE""" 5745.346 5810.0 "" "" 6001.782 4951.592 -0.1597 55.9765 63.447163 4.5885 """G""" 6.989085 0.97593623 1.0621403 1.0401368 1.0426
4613145315172329984 11.288884 11.60149 10.805938 3979.3618 False 1462.6833 False 2300.871 False """NOT_AVAILABLE""" 6230.717 6314.0 "" "" 5931.4946 5141.009 -0.2916 346.0938 343.61304 3.321 """F""" 3.4788578 1.2552371 3.3350127 1.5671675 1.5901
4620574887039870720 15.56254 17.198975 14.330053 1619.924 False 137.28914 False 704.5377 False """NOT_AVAILABLE""" "" "" "" "" 3306.3457 3212.7065 "" "" 80.29414 "" """M""" "" "" "" "" ""
4651366263526130816 11.219483 11.468906 10.814695 5122.7397 False 1637.5784 False 2271.4092 False """NOT_AVAILABLE""" 6237.493 6536.0 "" "" 6558.5664 5896.292 -0.0305 403.4889 433.086 3.174 """F""" 3.292416 1.2978296 3.86771 1.6833268 1.6811
4684513614202233728 12.232036 12.572341 11.727384 4523.911 False 1270.1914 False 2432.2039 False """NOT_AVAILABLE""" 5857.7227 5845.0 "" "" 5691.142 5681.8193 0.3599 409.6821 436.54504 4.0407 """G""" 9.868012 0.9920284 1.6432312 1.2820479 1.2766
