tests/assets/qtables/gaia.ecsv
# %ECSV 1.0
# ---
# datatype:
# - name: gaia_id
#   datatype: int64
#   description: Unique source identifier (unique within a particular Data Release)
#   meta: !!omap
#   - {ucd: meta.id}
# - name: phot_g_mean_mag
#   unit: mag
#   datatype: float32
#   description: G-band mean magnitude
#   meta: !!omap
#   - {ucd: phot.mag;em.opt}
# - name: phot_bp_mean_mag
#   unit: mag
#   datatype: float32
#   description: Integrated BP mean magnitude
#   meta: !!omap
#   - {ucd: phot.mag;em.opt.B}
# - name: phot_rp_mean_mag
#   unit: mag
#   datatype: float32
#   description: Integrated RP mean magnitude
#   meta: !!omap
#   - {ucd: phot.mag;em.opt.R}
# - name: phot_g_mean_flux_over_error
#   datatype: float32
#   description: G-band mean flux divided by its error
#   meta: !!omap
#   - {ucd: stat.snr;phot.flux;em.opt}
# - name: phot_bp_mean_flux_over_error
#   datatype: float32
#   description: Integrated BP mean flux divided by its error
#   meta: !!omap
#   - {ucd: stat.snr;phot.flux;em.opt.B}
# - name: phot_rp_mean_flux_over_error
#   datatype: float32
#   description: Integrated RP mean flux divided by its error
#   meta: !!omap
#   - {ucd: stat.snr;phot.flux;em.opt.R}
# - name: phot_variable_flag
#   datatype: string
#   description: Photometric variability flag
#   meta: !!omap
#   - {ucd: meta.code;src.var}
#   - {_votable_string_dtype: char}
#   subtype: json
# - name: teff_gspphot
#   unit: K
#   datatype: float32
#   description: Effective temperature from GSP-Phot Aeneas best library using BP/RP spectra
#   meta: !!omap
#   - {ucd: phys.temperature.effective}
# - name: teff_gspspec
#   unit: K
#   datatype: float32
#   description: Effective temperature from GSP-Spec MatisseGauguin using RVS spectra and Monte Carlo realisations
#   meta: !!omap
#   - {ucd: phys.temperature.effective;stat.median}
# - name: teff_esphs
#   unit: K
#   datatype: float32
#   description: Effective temperature from ESP-HS
#   meta: !!omap
#   - {ucd: phys.temperature.effective}
# - name: teff_espucd
#   unit: K
#   datatype: float32
#   description: Effective temperature estimate from ESP-UCD based on the RP spectrum
#   meta: !!omap
#   - {ucd: phys.temperature.effective}
# - name: teff_msc1
#   unit: K
#   datatype: float32
#   description: Effective temperature of the primary from MSC using BP/RP spectra and parallax
#   meta: !!omap
#   - {ucd: phys.temperature.effective}
# - name: teff_msc2
#   unit: K
#   datatype: float32
#   description: Effective temperature of the secondary from MSC using BP/RP spectra and parallax
#   meta: !!omap
#   - {ucd: phys.temperature.effective}
# - name: mh_gspphot
#   unit: dex
#   datatype: float32
#   description: Iron abundance from GSP-Phot Aeneas best library using BP/RP spectra
#   meta: !!omap
#   - {ucd: phys.abund.Fe}
# - name: distance_gspphot
#   unit: pc
#   datatype: float32
#   description: Distance from GSP-Phot Aeneas best library using BP/RP spectra
#   meta: !!omap
#   - {ucd: pos.distance}
# - name: distance_msc
#   unit: pc
#   datatype: float32
#   description: Distance from MSC using BP/RP spectra and parallax
#   meta: !!omap
#   - {ucd: pos.distance}
# - name: mg_gspphot
#   unit: mag
#   datatype: float32
#   description: Absolute magnitude $M_{\rm G}$ from GSP-Phot Aeneas best library using BP/RP spectra
#   meta: !!omap
[...]
#       __info__:
#         description: Effective temperature from GSP-Spec MatisseGauguin using RVS spectra and Monte Carlo realisations
#         meta: {ucd: phys.temperature.effective;stat.median}
#       unit: *id004
#       value: !astropy.table.SerializedColumn
#         __class__: astropy.utils.masked.core.MaskedNDArray
#         data: !astropy.table.SerializedColumn {name: teff_gspspec}
#     teff_msc1:
#       __class__: astropy.units.quantity.Quantity
#       __info__:
#         description: Effective temperature of the primary from MSC using BP/RP spectra and parallax
#         meta: {ucd: phys.temperature.effective}
#       unit: *id004
#       value: !astropy.table.SerializedColumn
#         __class__: astropy.utils.masked.core.MaskedNDArray
#         data: !astropy.table.SerializedColumn {name: teff_msc1}
#     teff_msc2:
#       __class__: astropy.units.quantity.Quantity
#       __info__:
#         description: Effective temperature of the secondary from MSC using BP/RP spectra and parallax
#         meta: {ucd: phys.temperature.effective}
#       unit: *id004
#       value: !astropy.table.SerializedColumn
#         __class__: astropy.utils.masked.core.MaskedNDArray
#         data: !astropy.table.SerializedColumn {name: teff_msc2}
# schema: astropy-2.0
gaia_id phot_g_mean_mag phot_bp_mean_mag phot_rp_mean_mag phot_g_mean_flux_over_error phot_bp_mean_flux_over_error phot_rp_mean_flux_over_error phot_variable_flag teff_gspphot teff_gspspec teff_esphs teff_espucd teff_msc1 teff_msc2 mh_gspphot distance_gspphot distance_msc mg_gspphot spectraltype_esphs age_flame mass_flame lum_flame radius_flame radius_gspphot
91646978530365824 10.992616 11.368332 10.445997 4924.2925 2170.0295 2607.9023 """NOT_AVAILABLE""" 5423.3687 5332.0 "" "" 5628.704 4675.2314 -0.3708 118.108 172.94994 5.5586 """G""" "" "" 0.45312408 0.76215124 0.7603
92082110257012736 11.470328 11.97488 10.812001 3036.9597 1295.1307 1793.8624 """NOT_AVAILABLE""" 4911.192 5012.0 "" "" 5100.09 4703.1455 0.3612 122.342 152.62585 5.9651 """K""" 13.316636 0.7758875 0.33027828 0.7939421 0.7962
92253939012998400 9.597295 9.952909 9.067512 5477.1084 1754.4991 2972.05 """NOT_AVAILABLE""" 5961.474 5559.0 "" "" 5749.934 5335.4473 0.2369 159.489 157.24124 3.2989 """G""" 5.7799854 1.1668508 3.5551815 1.7677461 1.7292
97264555235419520 10.336765 10.667928 9.844957 1930.786 1590.9694 2639.1985 """NOT_AVAILABLE""" 5760.512 5971.0 "" "" 5947.007 5382.741 -0.2218 165.6537 172.69614 4.1601 """G""" 10.147228 0.98439837 1.5915345 1.2665601 1.2645
105084934767202944 10.603 10.890547 10.150712 3935.0986 2541.6348 2799.1257 """NOT_AVAILABLE""" 6176.472 6308.0 "" "" 6207.5723 5495.8555 -0.6014 222.9904 244.0456 3.7025 """F""" 3.8193138 1.1756353 2.4515438 1.3630061 1.3672
291499292940592640 10.946167 11.391384 10.339786 1040.212 262.06107 403.88766 """NOT_AVAILABLE""" 5217.435 5393.0 "" "" 5243.0566 4599.869 0.2834 120.6657 128.49596 5.426 """K""" 13.226767 0.82849324 0.5178598 0.8811873 0.8782
291527227407876736 10.913986 11.26125 10.395778 4696.024 1608.8285 2669.2493 """NOT_AVAILABLE""" 5788.091 5932.0 "" "" 5778.6104 4863.9897 -0.0052 179.7737 192.13306 4.4743 """G""" 7.3741097 0.98534715 1.1800658 1.0813159 1.0781
291598356361784448 10.929561 11.32571 10.3634815 8101.7944 1750.7357 2960.3662 """NOT_AVAILABLE""" 5362.8613 5468.0 "" "" 5215.4062 5195.5737 -0.151 126.0959 141.4882 5.3347 """G""" 6.202739 0.89019614 0.5517013 0.86056024 0.8615
292460201679352192 11.352557 11.838419 10.709302 1179.057 564.7157 667.75183 """VARIABLE""" 5010.379 5183.0 "" "" 5112.4688 4601.01 0.2074 119.9989 141.12488 5.8424 """K""" 13.296598 0.7889269 0.3693916 0.80681723 0.8003
292573863693787136 10.662768 11.007397 10.145979 7442.066 1207.0221 2755.1313 """NOT_AVAILABLE""" 5459.0166 5997.0 "" "" 5741.041 5795.507 -0.8812 180.0815 193.03151 4.3669 """G""" 13.373469 0.9265113 1.3792536 1.3081834 1.3085
292588874604531456 11.837734 12.210412 11.120247 2602.6978 536.4678 338.38434 """NOT_AVAILABLE""" 5725.4 "" "" "" 5127.217 4163.589 -0.5282 152.4415 156.37283 5.3636 """G""" "" "" 0.52084994 0.7335998 0.7426
292687422629073280 10.784423 11.179168 10.216414 719.34375 202.80855 265.37915 """VARIABLE""" 5727.654 "" "" "" 5406.512 4617.003 -0.2727 141.4933 148.85199 4.7096 """G""" 5.5213227 0.98201203 0.965277 0.9976912 0.9951
297328358130767872 11.711002 12.246218 11.024684 5516.4004 1108.5049 2652.5107 """NOT_AVAILABLE""" 4774.7676 4951.0 "" "" 4858.1533 4394.59 -0.1029 118.6174 134.8263 6.2266 """K""" 11.858095 0.76034147 0.2748661 0.7662133 0.7626
297575198491256832 10.849125 11.167635 10.361801 5855.057 2245.3948 2928.8828 """NOT_AVAILABLE""" 5851.577 6028.0 "" "" 5947.508 5344.248 -0.2193 204.1389 232.04544 4.2012 """G""" 7.5269217 1.0242388 1.5290554 1.2034355 1.2014
297655016163449856 10.518677 10.865976 10.005476 5165.865 1495.0889 2701.4712 """NOT_AVAILABLE""" 5631.934 5800.0 "" "" 5899.3857 4844.5537 0.0288 163.7597 174.17694 4.3936 """G""" 12.814598 0.9275658 1.283041 1.1900592 1.1856
301021205371993088 11.518085 11.89811 10.968781 2944.513 1097.2272 2127.4883 """NOT_AVAILABLE""" 5553.4863 5545.0 "" "" 5793.366 4601.9517 -0.2039 171.1823 205.92667 5.1961 """G""" 0.44575298 0.97030413 0.6300251 0.85666007 0.8506
301022369307171840 9.145908 9.555032 8.525042 1088.0015 2241.7312 2115.4417 """NOT_AVAILABLE""" "" 5341.0 "" "" 5367.714 4674.648 "" "" 61.116577 "" """G""" "" "" "" "" ""
302153908506926848 10.249987 10.511005 9.830584 2605.1328 1424.1224 2646.9102 """NOT_AVAILABLE""" 6168.235 6250.0 "" "" 6394.827 5621.3545 -0.3463 228.5361 260.12543 3.412 """F""" 3.785975 1.2364166 3.148658 1.5534497 1.5573
302376971928320512 11.203579 11.532072 10.70512 3906.9978 1879.3503 3214.1162 """NOT_AVAILABLE""" 5608.1714 5708.0 "" "" 5998.655 5197.5137 -0.4125 186.1075 246.33858 4.8428 """G""" 8.009081 0.9344085 0.86037046 0.9808526 0.9831
302383431559125120 10.635251 10.909354 10.199872 2035.9698 632.3894 899.48865 """NOT_AVAILABLE""" 6018.742 6743.0 "" "" 6209.568 5419.3096 -0.4023 198.8051 260.2055 4.132 """F""" 4.76886 1.0768905 1.643281 1.178071 1.1764
302442633388354304 10.609946 10.867568 10.193638 5181.787 1344.277 2359.0784 """NOT_AVAILABLE""" 6166.383 6553.0 "" "" 6324.2505 5802.1523 -0.3218 241.5658 287.28668 3.6664 """F""" 3.9189913 1.1793699 2.5076168 1.3870142 1.3848
302514410881832960 10.684896 11.058828 10.146662 5657.4043 1824.6329 1757.5021 """NOT_AVAILABLE""" 5482.4243 5558.0 "" "" 5745.509 4744.3677 -0.0242 129.5765 162.86496 5.061 """G""" 8.98057 0.89818716 0.7026833 0.92764586 0.926
303024854859265024 11.07534 11.447086 10.537617 4417.6787 1513.155 3414.315 """NOT_AVAILABLE""" 5512.771 5665.0 "" "" 5662.3867 5010.3184 0.0441 166.6402 206.36153 4.8856 """G""" 12.898306 0.88165873 0.8405779 1.0048158 0.9897
303041557988149760 10.051825 10.376125 9.55374 2586.071 1514.1835 2727.321 """NOT_AVAILABLE""" 5653.038 5891.0 "" "" 5895.3486 5146.9307 -0.2122 150.5022 154.86578 4.1435 """F""" 12.130205 0.9569681 1.6239117 1.3264081 1.3252
303089386743723648 11.052241 11.368838 10.571329 2342.7625 475.64526 826.3218 """NOT_AVAILABLE""" 5799.8755 5783.0 "" "" 5904.751 5664.3936 -0.1193 192.4652 269.50787 4.5879 """G""" 5.3304887 1.0025356 1.0848881 1.0314907 1.0223
304001569077887360 11.223204 11.577499 10.7008915 5246.2505 1486.5719 2062.4211 """NOT_AVAILABLE""" 5723.4297 5666.0 "" "" 5795.2017 5091.4736 0.0994 180.895 214.48601 4.8013 """G""" 3.5271988 0.99621755 0.8875822 0.9584717 0.9473
304035379060481792 11.445323 11.848101 10.877528 3990.8833 1140.4452 1872.1324 """NOT_AVAILABLE""" 5360.2773 5522.0 "" "" 5512.337 4899.747 0.1094 173.0404 203.29065 5.1791 """G""" "" 0.8475507 0.643533 0.9299194 0.9224
304042285367885440 10.69255 10.999224 10.220517 1329.9021 479.40262 587.7926 """NOT_AVAILABLE""" 5807.1875 5955.0 "" "" 6090.082 5079.122 -0.2687 175.5531 216.40697 4.452 """G""" 7.206566 0.9915014 1.2195702 1.0893728 1.0873
304415294687684352 10.342351 10.706872 9.804473 3027.554 1818.528 2697.0127 """NOT_AVAILABLE""" 5749.0283 5630.0 "" "" 5817.618 4774.6104 -0.2049 135.8083 138.71152 4.4502 """G""" 9.155425 0.97571015 1.2887912 1.1442752 1.1101
304458656677523968 10.994051 11.355289 10.462132 1861.9944 548.8423 694.2739 """NOT_AVAILABLE""" 5646.59 5682.0 "" "" 5603.423 4601.593 -0.2819 138.0794 164.78987 5.142 """G""" "" "" 0.65612304 0.8463638 0.8411
305273184339489152 10.409146 10.745202 9.902286 4642.5576 1499.8066 3185.8936 """NOT_AVAILABLE""" 5539.629 5740.0 "" "" 5799.9966 5036.0264 -0.6071 114.44 167.80038 5.1058 """G""" 3.9116988 0.94710124 0.6869127 0.8994255 0.899
305279854424566656 8.75024 9.072051 8.256989 2066.8438 744.36127 1000.2306 """VARIABLE""" 5677.443 5834.0 "" "" 5867.4824 4603.2607 -0.1737 63.0441 68.955986 4.7383 """G""" 6.849526 0.9595885 0.9320551 0.9978555 0.9982
305304937033710592 10.42085 10.878162 9.803716 7371.9795 3607.9084 3095.3574 """NOT_AVAILABLE""" 5091.5757 5075.0 "" "" 5188.6973 4600.5156 0.0461 86.8103 96.59024 5.6471 """K""" 10.941686 0.8120817 0.401619 0.81349254 0.8428
305307410934867328 11.0014925 11.374523 10.46089 4815.8394 1258.3082 1964.0521 """NOT_AVAILABLE""" 5499.6553 5640.0 "" "" 5499.616 5199.6924 -0.0864 144.9329 176.21384 5.1104 """G""" 5.624125 0.9251547 0.67224836 0.90213114 0.8997
305375683734902656 10.794227 11.101193 10.322668 3614.0356 1358.5936 2413.5178 """NOT_AVAILABLE""" 6044.417 6151.0 "" "" 6077.711 5057.004 0.0038 184.8512 240.86263 4.3146 """G""" 2.2264798 1.1044785 1.4294378 1.0881115 1.0534
306078954563834496 10.500047 10.882774 9.954239 6135.149 1926.6388 3457.6077 """NOT_AVAILABLE""" 5509.204 5571.0 "" "" 5416.915 5261.762 0.3217 200.6744 201.73619 3.9114 """G""" 12.063246 0.9763614 2.0054145 1.5555801 1.5502
311949217080368384 11.5454855 12.155228 10.801985 3935.8184 2197.9233 3231.721 """NOT_AVAILABLE""" "" 4561.0 "" "" 4585.956 4495.907 "" "" 111.790634 "" """K""" "" "" "" "" ""
311959628081118976 10.434377 10.717696 9.984362 6165.535 3879.907 4383.6235 """NOT_AVAILABLE""" 5918.6743 6128.0 "" "" 6160.8525 5126.887 -0.3276 172.5663 234.38486 4.237 """G""" 6.243465 1.0390368 1.5113887 1.1686107 1.1573
312862189688967936 11.635082 12.002791 11.099727 4813.2236 1770.371 2951.2358 """NOT_AVAILABLE""" 5566.731 5588.0 "" "" 5798.3364 5002.9316 -0.2961 188.4564 248.51042 5.1727 """G""" 0.30632704 0.97816277 0.6489532 0.8662605 0.8562
313024810034663040 11.511041 11.870459 10.979697 4837.9785 1837.2852 2334.833 """NOT_AVAILABLE""" 5650.0845 5951.0 "" "" 5695.951 4825.673 -0.2319 194.8224 246.19547 4.9176 """G""" 5.73825 0.960939 0.85941595 0.96526617 0.9308
313024986129085824 11.175117 11.4410095 10.742564 4353.064 1599.1979 2264.7551 """NOT_AVAILABLE""" 6136.739 6406.0 "" "" 6321.85 5502.352 -0.7186 251.6192 354.52692 4.1071 """F""" 2.5665371 1.1328591 1.7228906 1.1607554 1.1586
313532853126278912 10.912454 11.209904 10.445724 4031.53 2576.9885 3294.5525 """NOT_AVAILABLE""" 5947.9307 6113.0 "" "" 5934.535 5241.9087 -0.4899 191.7442 264.08752 4.4115 """G""" 2.8409066 1.0680362 1.2581675 1.0548815 1.0643
315239093310305664 11.724537 12.146511 11.137836 5152.5596 2019.1886 3540.4465 """NOT_AVAILABLE""" "" 5315.0 "" "" 5398.98 5049.423 "" "" 221.85567 "" """G""" "" "" "" "" ""
315273865365146112 10.749146 11.045697 10.282649 5090.2026 1148.9705 1559.5513 """NOT_AVAILABLE""" 6094.115 6137.0 "" "" 6104.383 5268.4043 -0.0231 188.6647 238.73297 4.2352 """G""" 1.5252784 1.1276469 1.4775577 1.0915279 1.0833
318566593451920896 10.774252 11.16875 10.214681 1285.8994 316.41714 498.5102 """NOT_AVAILABLE""" 5444.337 5459.0 "" "" 5443.467 5000.211 0.081 117.3195 147.63022 5.3242 """G""" 0.23929472 0.94543093 0.55024827 0.8338086 0.8325
330300787703386752 11.585817 11.994703 11.004586 3504.884 1339.2676 1668.8383 """NOT_AVAILABLE""" 5109.1934 5462.0 "" "" 5240.6772 4706.326 -1.246 159.2156 250.03934 5.5314 """K""" 13.085112 0.8286926 0.49525246 0.89738727 0.8951
344041143996210944 11.386266 11.834664 10.768378 1949.8865 519.17725 447.48386 """NOT_AVAILABLE""" 5127.4546 5393.0 "" "" 5299.9834 4973.9824 0.4637 144.2902 166.83853 5.5552 """K""" "" 0.81428397 0.4643394 0.8633411 0.8617
348147510690789120 10.568071 10.833207 10.14482 5722.3457 2155.301 3292.765 """NOT_AVAILABLE""" 6182.68 6095.0 "" "" 6398.755 5373.5576 -0.0308 262.1797 282.25848 3.4243 """F""" 3.7628565 1.2293566 3.0643182 1.5259734 1.5258
348774743417581824 11.129935 11.44724 10.647295 3822.7786 2003.4022 2937.968 """NOT_AVAILABLE""" 5828.19 6159.0 "" "" 5919.368 5099.0107 -0.4152 245.6088 265.68152 4.1294 """G""" 8.956754 1.003523 1.6168991 1.247577 1.2593
348800586237952512 10.531927 10.987422 9.91536 1972.9001 764.2264 1081.193 """VARIABLE""" 5139.708 5050.0 "" "" 5261.485 4298.9194 0.0389 81.9371 95.23213 5.8459 """K""" "" "" 0.35569066 0.75202173 0.7509
364272604624123520 11.174152 11.478062 10.703389 4351.278 1990.9062 1474.995 """NOT_AVAILABLE""" 5797.679 6096.0 "" "" 6076.1045 5178.413 -0.2386 221.2638 279.7691 4.4389 """F""" 7.681945 0.98722124 1.236473 1.1018443 1.0981
364655578269496064 10.391733 10.708933 9.905003 1595.9008 577.3441 872.01105 """NOT_AVAILABLE""" 5708.8657 5722.0 "" "" 6029.288 5027.5156 -0.3688 132.4482 178.45183 4.7609 """G""" 5.340214 0.9786033 0.93018395 0.98530805 0.9813
365019855918735232 10.576058 10.860123 10.125668 7624.7915 4444.6406 4182.003 """NOT_AVAILABLE""" 5969.396 6126.0 "" "" 6145.963 5279.8047 -0.3195 215.1729 244.74246 3.8728 """F""" 5.6795597 1.1179829 2.1635158 1.3749533 1.349
365068891561215232 11.979971 12.41602 11.379898 5526.6455 2250.3252 3310.182 """NOT_AVAILABLE""" 5205.8335 5215.0 "" "" 5405.2285 4640.573 -0.2171 157.0662 218.06644 5.8749 """K""" "" "" 0.34536117 0.7234332 0.722
365258832195210240 10.637416 10.903909 10.209745 4418.6147 2975.1375 3921.5044 """NOT_AVAILABLE""" 6106.3555 6299.0 "" "" 6342.29 5368.019 -0.4891 217.6151 281.4032 3.915 """F""" 4.109985 1.1270258 1.9923731 1.262394 1.2688
366012852357564032 11.47715 11.800296 10.988121 2913.9043 2709.1863 3272.5623 """VARIABLE""" 5677.0938 6088.0 "" "" 5843.308 5598.5874 -0.2386 210.4055 321.09622 4.8518 """G""" 5.6232157 0.96859604 0.89171135 0.9760193 0.9494
366093979996166656 10.975844 11.458069 10.329987 2389.7312 1105.4066 1419.8428 """VARIABLE""" 4875.4155 5029.0 "" "" 5169.241 4600.5596 -0.0431 92.9596 120.042915 6.1042 """K""" 11.367693 0.77191263 0.2974141 0.76411015 0.7637
366863569416340224 10.717412 10.982248 10.252583 1957.4385 2584.4978 4973.4272 """NOT_AVAILABLE""" 6185.42 6030.0 "" "" 6098.962 5998.1475 -0.5759 224.0367 309.3289 3.8112 """F""" 3.7622294 1.1773498 2.4522996 1.363666 1.2994
366950843151293440 11.450559 11.918112 10.823433 1837.6396 591.4342 788.49316 """VARIABLE""" 5002.664 5006.0 "" "" 5277.259 4405.2603 -0.1266 118.0013 153.02066 6.0164 """K""" 0.4059121 0.83874863 0.31375465 0.74603206 0.7449
367798463537390208 11.000687 11.316129 10.517676 5558.8604 2605.2969 3691.3953 """NOT_AVAILABLE""" 5738.0303 5969.0 "" "" 5899.5767 5603.973 -0.0612 204.1826 263.88068 4.4372 """G""" 9.245436 0.9714975 1.2538078 1.1323282 1.1167
367823030750144000 9.505198 9.895747 8.943169 7952.2134 5291.9844 5806.0405 """NOT_AVAILABLE""" 5246.908 5300.0 "" "" 5567.1357 4509.431 -0.3685 61.3428 77.59602 5.5543 """G""" 4.8538632 0.8732782 0.46083516 0.8215036 0.823
367842439706655104 11.879579 12.316749 11.276555 6681.902 2347.9224 3877.3667 """NOT_AVAILABLE""" 5030.1978 5243.0 "" "" 5422.9697 4401.4106 -0.2858 162.1188 208.20132 5.8132 """K""" 12.439439 0.7944354 0.37430498 0.8038317 0.8055
368136391564178304 10.443667 10.906045 9.820168 2760.4077 865.6889 1358.1467 """VARIABLE""" 4984.7324 5245.0 "" "" 5319.2773 4431.211 0.0891 82.7458 100.399605 5.831 """K""" 12.554102 0.7933271 0.37316635 0.81894255 0.817
369795107933932544 10.315633 10.6056 9.858716 5196.621 2856.6846 4592.9424 """NOT_AVAILABLE""" 6245.6724 "" "" "" 5945.3154 5966.2 -0.4118 243.745 237.81693 3.1998 """G""" 3.28895 1.2936091 3.809021 1.6669801 1.6796
370629224942620416 11.140519 11.439472 10.678352 3014.0632 2436.5503 2360.766 """NOT_AVAILABLE""" 5946.873 6208.0 "" "" 6077.339 5378.0386 -0.1298 218.5879 304.3291 4.3883 """F""" 4.1087985 1.0570272 1.344546 1.0927327 1.0676
370725771511096064 11.537391 12.149325 10.747817 1846.4816 1559.7157 1819.2219 """NOT_AVAILABLE""" 4516.0767 4672.0 "" "" 4710.657 4299.7266 -0.2947 99.5535 117.29102 6.3129 """K""" "" "" 0.27604747 0.857973 0.8561
376137842620914944 9.344998 9.765703 8.758285 9337.079 3442.1687 4325.154 """NOT_AVAILABLE""" 5222.086 5179.0 "" "" 5224.2607 4795.402 0.1972 58.3238 63.908737 5.4713 """K""" 11.1805935 0.83657277 0.4940656 0.8592015 0.8586
376466188577950848 10.805364 11.157704 10.286522 6516.0874 3507.7104 4342.711 """NOT_AVAILABLE""" 5573.054 5763.0 "" "" 5648.8125 5478.2954 -0.0848 223.3897 224.7547 4.0064 """G""" 12.265241 0.96740997 1.8734502 1.4678012 1.4546
377823668825382528 11.599254 11.964658 11.067373 4469.041 2577.8557 4102.34 """NOT_AVAILABLE""" 5486.206 5655.0 "" "" 5707.374 4823.3174 -0.3255 212.3335 257.63184 4.9357 """G""" 12.073206 0.8798187 0.7739208 0.9704054 0.9853
377920567584838656 12.149798 12.663799 11.482151 5927.0503 1952.046 2993.0283 """NOT_AVAILABLE""" 4927.601 5183.0 "" "" 4993.9453 4598.339 0.1025 148.5431 190.61333 6.1422 """K""" 2.4033337 0.8164864 0.293525 0.7440946 0.7301
380171641546315904 12.00139 12.415187 11.420403 2121.1562 735.93427 1008.0973 """VARIABLE""" 5439.4644 5527.0 "" "" 5239.6445 5226.814 0.0134 192.057 251.81656 5.3964 """G""" "" "" 0.530117 0.8188208 0.8066
