tests/assets/qtables/gaia.ecsv
# %ECSV 1.0
# ---
# datatype:
# - name: gaia_id
#   datatype: int64
#   description: Unique source identifier (unique within a particular Data Release)
#   meta: !!omap
#   - {ucd: meta.id}
# - name: phot_g_mean_mag
#   unit: mag
#   datatype: float32
#   description: G-band mean magnitude
#   meta: !!omap
#   - {ucd: phot.mag;em.opt}
# - name: phot_bp_mean_mag
#   unit: mag
#   datatype: float32
#   description: Integrated BP mean magnitude
#   meta: !!omap
#   - {ucd: phot.mag;em.opt.B}
# - name: phot_rp_mean_mag
#   unit: mag
#   datatype: float32
#   description: Integrated RP mean magnitude
#   meta: !!omap
#   - {ucd: phot.mag;em.opt.R}
# - name: phot_g_mean_flux_over_error
#   datatype: float32
#   description: G-band mean flux divided by its error
#   meta: !!omap
#   - {ucd: stat.snr;phot.flux;em.opt}
# - {name: phot_g_mean_flux_over_error.mask, datatype: bool}
# - name: phot_bp_mean_flux_over_error
#   datatype: float32
#   description: Integrated BP mean flux divided by its error
#   meta: !!omap
#   - {ucd: stat.snr;phot.flux;em.opt.B}
# - {name: phot_bp_mean_flux_over_error.mask, datatype: bool}
# - name: phot_rp_mean_flux_over_error
#   datatype: float32
#   description: Integrated RP mean flux divided by its error
#   meta: !!omap
#   - {ucd: stat.snr;phot.flux;em.opt.R}
# - {name: phot_rp_mean_flux_over_error.mask, datatype: bool}
# - name: phot_variable_flag
#   datatype: string
#   description: Photometric variability flag
#   meta: !!omap
#   - {ucd: meta.code;src.var}
#   - {_votable_string_dtype: char}
#   subtype: json
# - name: teff_gspphot
#   unit: K
#   datatype: float32
#   description: Effective temperature from GSP-Phot Aeneas best library using BP/RP spectra
#   meta: !!omap
#   - {ucd: phys.temperature.effective}
# - name: teff_gspspec
#   unit: K
#   datatype: float32
#   description: Effective temperature from GSP-Spec MatisseGauguin using RVS spectra and Monte Carlo realisations
#   meta: !!omap
#   - {ucd: phys.temperature.effective;stat.median}
# - name: teff_esphs
#   unit: K
#   datatype: float32
#   description: Effective temperature from ESP-HS
#   meta: !!omap
#   - {ucd: phys.temperature.effective}
# - name: teff_espucd
#   unit: K
#   datatype: float32
#   description: Effective temperature estimate from ESP-UCD based on the RP spectrum
#   meta: !!omap
#   - {ucd: phys.temperature.effective}
# - name: teff_msc1
#   unit: K
#   datatype: float32
#   description: Effective temperature of the primary from MSC using BP/RP spectra and parallax
#   meta: !!omap
#   - {ucd: phys.temperature.effective}
# - name: teff_msc2
#   unit: K
#   datatype: float32
#   description: Effective temperature of the secondary from MSC using BP/RP spectra and parallax
#   meta: !!omap
#   - {ucd: phys.temperature.effective}
# - name: mh_gspphot
#   unit: dex
#   datatype: float32
#   description: Iron abundance from GSP-Phot Aeneas best library using BP/RP spectra
#   meta: !!omap
#   - {ucd: phys.abund.Fe}
# - name: distance_gspphot
#   unit: pc
#   datatype: float32
#   description: Distance from GSP-Phot Aeneas best library using BP/RP spectra
#   meta: !!omap
#   - {ucd: pos.distance}
# - name: distance_msc
#   unit: pc
#   datatype: float32
#   description: Distance from MSC using BP/RP spectra and parallax
#   meta: !!omap
[...]
#         meta: {ucd: phys.temperature.effective;stat.median}
#       unit: *id004
#       value: !astropy.table.SerializedColumn
#         __class__: astropy.utils.masked.core.MaskedNDArray
#         data: !astropy.table.SerializedColumn {name: teff_gspspec}
#     teff_msc1:
#       __class__: astropy.units.quantity.Quantity
#       __info__:
#         description: Effective temperature of the primary from MSC using BP/RP spectra and parallax
#         meta: {ucd: phys.temperature.effective}
#       unit: *id004
#       value: !astropy.table.SerializedColumn
#         __class__: astropy.utils.masked.core.MaskedNDArray
#         data: !astropy.table.SerializedColumn {name: teff_msc1}
#     teff_msc2:
#       __class__: astropy.units.quantity.Quantity
#       __info__:
#         description: Effective temperature of the secondary from MSC using BP/RP spectra and parallax
#         meta: {ucd: phys.temperature.effective}
#       unit: *id004
#       value: !astropy.table.SerializedColumn
#         __class__: astropy.utils.masked.core.MaskedNDArray
#         data: !astropy.table.SerializedColumn {name: teff_msc2}
# schema: astropy-2.0
gaia_id phot_g_mean_mag phot_bp_mean_mag phot_rp_mean_mag phot_g_mean_flux_over_error phot_g_mean_flux_over_error.mask phot_bp_mean_flux_over_error phot_bp_mean_flux_over_error.mask phot_rp_mean_flux_over_error phot_rp_mean_flux_over_error.mask phot_variable_flag teff_gspphot teff_gspspec teff_esphs teff_espucd teff_msc1 teff_msc2 mh_gspphot distance_gspphot distance_msc mg_gspphot spectraltype_esphs age_flame mass_flame lum_flame radius_flame radius_gspphot
[from data line 209]
6658373007402886400 14.387762 15.062613 13.5982485 3115.7427 False 531.1934 False 1326.2673 False """VARIABLE""" 4550.635 "" "" "" 4522.4854 4441.704 0.4682 304.7707 410.62262 6.7206 """K""" 6.629937 0.7269068 0.18551831 0.69250095 0.6966
6661242835829891584 13.77954 14.16901 13.221686 5752.724 False 1083.0363 False 1136.1787 False """VARIABLE""" 5442.209 "" "" "" 5402.455 5207.8574 -0.1766 515.0947 612.0813 5.1041 """G""" 11.24817 0.87630844 0.69254583 0.93702763 0.9266
6670300646977106560 10.075539 10.366007 9.607109 3467.817 False 2998.0667 False 4229.146 False """NOT_AVAILABLE""" 6168.5327 6020.0 "" "" 6099.677 5302.1196 -0.3899 144.2614 194.46829 4.1282 """G""" 8.133809 0.9998085 1.4002101 1.1657078 1.1219
6671903803650271232 8.158965 8.222945 8.009251 2586.3047 False 1402.3744 False 2527.4817 False """NOT_AVAILABLE""" 8025.6147 "" 8092.4707 "" 7599.0615 7600.5547 -0.5646 238.9814 279.25208 1.2164 """A""" 0.81035733 2.0316117 24.85307 2.578195 2.5657
6683371847364921088 10.644562 11.2070875 9.939354 1683.9547 False 518.8054 False 753.80804 False """NOT_AVAILABLE""" 4608.6196 4748.0 "" "" 4763.648 3575.0444 0.1953 68.533 75.59725 6.4735 """K""" "" 0.7308605 0.23099457 0.75387657 0.7515
6712869888915011712 10.121953 10.405956 9.673406 2969.8052 False 2773.0535 False 5285.5654 False """NOT_AVAILABLE""" 5889.0503 6018.0 "" "" 5889.6 6117.504 -0.5844 223.664 227.91997 3.3689 """G""" 6.3406205 1.1442963 3.370867 1.7628899 1.7583
6715688452614516736 10.898942 11.624973 10.076888 2771.303 False 1118.4305 False 1210.6586 False """NOT_AVAILABLE""" "" 4170.0 "" "" 4422.134 3882.936 "" "" 63.111626 "" """K""" "" "" "" "" ""
6715848255460271232 10.1939 10.514452 9.674104 2244.461 False 2267.33 False 3367.3315 False """NOT_AVAILABLE""" 5918.6807 5833.0 "" "" 5903.946 5285.505 -0.1664 134.3969 148.91995 4.3731 """F""" 12.228451 0.92343414 1.1455319 1.1259472 1.0821
6728579642341954816 12.015733 12.255896 11.454825 286.81073 False 1022.3669 False 2387.8865 False """NOT_AVAILABLE""" 5692.0483 "" "" "" 5890.121 5560.167 -0.9089 1723.065 486.74515 0.7658 """F""" 2.3020961 1.5836656 10.73903 3.3642066 6.3663
6739212263372186496 10.794409 11.2168865 10.171185 2190.9138 False 1724.2217 False 2685.9644 False """NOT_AVAILABLE""" 6186.938 6458.0 "" "" 4784.0996 5121.1807 -1.0691 163.6106 234.05159 3.9848 """F""" 2.8572063 1.1512569 1.9615616 1.2188686 1.2149
6742628068041470208 7.4371934 7.5063224 7.2724485 2245.3523 False 928.0863 False 1144.82 False """NOT_AVAILABLE""" 9895.389 "" 9866.999 "" 7600.144 7598.7773 -0.0432 177.4097 200.13812 0.6509 """A""" 0.3597252 2.4993682 52.91179 2.4745808 2.4766
6745377431229335168 9.388984 9.775621 8.827613 3208.876 False 974.162 False 1235.521 False """NOT_AVAILABLE""" 5728.091 "" "" "" 5525.4727 5482.3013 0.0801 261.6015 184.74461 2.0268 """G""" 1.9122908 1.6855311 11.4466915 3.43545 3.4108
6756148659453907072 16.548002 17.145561 15.125584 151.43 False 23.590017 False 64.465805 False """NOT_AVAILABLE""" "" "" "" "" 3482.3774 3447.1172 "" "" 320.09344 "" """""" "" "" "" "" ""
6756148659453907200 10.901385 11.2598295 10.373097 5796.5244 False 848.515 False 2230.2932 False """NOT_AVAILABLE""" 5619.2935 5760.0 "" "" 5640.2305 5380.4473 0.1187 198.1825 203.0932 4.3141 """""" 13.191932 0.92893547 1.3719356 1.234682 1.2328
6757952644494426624 9.872817 10.250783 9.322412 3904.7375 False 1985.2153 False 3001.627 False """NOT_AVAILABLE""" "" 5872.0 "" "" 5595.1846 5837.288 "" "" 322.64154 "" """G""" "" "" "" "" ""
6780546169634170496 10.03342 10.314658 9.592046 3262.5874 False 2450.0613 False 3259.1846 False """NOT_AVAILABLE""" 6077.9014 6161.0 "" "" 6059.499 6039.6387 0.1965 206.1713 236.44995 3.4132 """F""" 4.136429 1.2318325 3.139491 1.5988214 1.5784
6803000980210856704 13.668406 14.0777235 13.09581 4024.845 False 891.5733 False 1339.2861 False """VARIABLE""" 5192.2876 "" "" "" 5407.7056 4987.0703 -0.4551 427.309 557.20544 5.5242 """G""" 13.261256 0.8199517 0.49701056 0.8706133 0.8566
6805149288493408640 13.760739 14.18755 13.174744 3381.1228 False 817.29156 False 1161.3542 False """VARIABLE""" 5228.21 "" "" "" 5356.612 5052.2314 -0.074 502.5845 619.6852 5.1831 """K""" "" "" 0.6163548 0.95732456 0.9789
6805886373600546176 11.882881 12.147745 11.455666 3480.6545 False 2061.6467 False 1961.0444 False """VARIABLE""" 6109.0044 6421.0 "" "" 6386.467 5112.574 -0.3987 414.521 478.66327 3.758 """F""" 4.3430986 1.155194 2.3272338 1.3624908 1.3569
