tests/assets/qtables/tess_tic.ecsv
# %ECSV 1.0
# ---
# datatype:
# - {name: tic_id, datatype: int64}
# - {name: gaia_id, datatype: int64}
# - {name: dec, unit: deg, datatype: float64}
# - {name: priority, datatype: float64}
# - {name: ra, unit: deg, datatype: float64}
# meta: !!omap
# - __serialized_columns__:
#     dec:
#       __class__: astropy.units.quantity.Quantity
#       unit: &id001 !astropy.units.Unit {unit: deg}
#       value: !astropy.table.SerializedColumn {name: dec}
#     ra:
#       __class__: astropy.units.quantity.Quantity
#       unit: *id001
#       value: !astropy.table.SerializedColumn {name: ra}
# schema: astropy-2.0
tic_id gaia_id dec priority ra
44634475 315273865365146112 30.4113869765859 0.00112104380968958 22.417107712503
306564506 416803559352939136 52.6883882114211 0.00126551138237119 13.4448536893263
186537257 320784235395946368 36.3572874831601 0.00273830397054553 21.4300379296423
22528024 2861704587265072896 31.3027221170819 0.00198780791833997 2.97050496607978
150862027 2797589315470530816 19.0737757909472 0.00198011519387364 3.76493814582003
150862582 2797395732704423296 18.901260022906 0.00173849880229682 3.91164804373267
25795678 2808554293962318592 27.1107444025185 0.00497626001015306 11.0962017963438
352223400 364655573972769024 37.3145728402261 0.00241142837330699 13.9390769972939
422891420 369795107933932544 37.8303120686241 0.00102618045639247 16.576844208111
13863687 2808682563160925952 26.9229575050498 0.00593144726008177 12.4807000641994
283428089 368136391564178304 39.5885523805475 0.00331774214282632 12.7506444889846
283428748 367823030750144000 38.472897675881 0.00534179387614131 12.8800282652052
417778386 312385826275923328 30.5953275527878 0.00191935733892024 12.0547464925696
196293129 377823668825382528 45.7720002733936 0.0010191387264058 14.2866969574268
243151360 2791213247540798336 21.5043625880211 0.00199020095169544 15.4969795604193
336767572 2787734667628526336 17.1794256899424 0.00224500871263444 13.983869896422
243186210 2785462251971780992 19.152324481146 0.00553820515051484 16.7729961663557
432840484 364450278830938240 37.1097304981071 0.00230595166794956 14.5941055084045
22628036 305304937033710592 32.72525661707 0.00286282412707806 27.9273895676305
22629695 304415294687684352 31.4120377787176 0.00193040200974792 28.1251294128908
91304689 92253939012998400 18.5939907894983 0.00115105556324124 27.7660097473473
91328317 97264555235419520 21.09260069902 0.00133456324692816 28.2043867047966
380727195 366093975699856128 35.3936640104746 0.0025030761025846 8.13717830966131
440659351 2855865871283966720 26.2809213480818 0.00135962967760861 6.98578250880388
380727131 366102295052441344 35.5452980805202 0.00120595202315599 8.26259730842864
25761578 2809606324727185024 28.0664532917963 0.00114837428554893 10.2718567768646
25761703 2809390339411665920 27.6420024498391 0.00195678859017789 10.3038826583121
415832742 370629224942620416 38.8677168786278 0.00118111539632082 16.3590719682021
174435882 313532853126278912 32.2653741557068 0.00133503694087267 16.786989144333
243186061 2785363429068844800 18.6081491749174 0.00130259350407869 16.8151175283083
432840416 364272604624123520 36.2453515897951 0.00113975559361279 14.5947816468628
327187053 348774743417581824 43.106721507305 0.00106784852687269 24.1209133169094
327187714 348147510690789120 42.0596071271137 0.00102842808701098 24.1324859811619
405374801 2592524036043164160 16.8854095473391 0.00173428119160235 23.9560575130447
20963841 305375683734902656 33.0856946371971 0.00135100446641445 27.5901327606531
20964385 306078954563834496 34.5082614350567 0.00102101475931704 27.5666656587146
302012547 344041143996210944 39.3942258698524 0.00140315829776227 27.7808223982367
306120256 2856461462988901376 26.511396263708 0.00272727780975401 4.42701009974992
13862445 311949217080368384 29.0982101706152 0.00179791089612991 12.2552068433639
432840637 370725771511096064 38.2917398965112 0.00168841902632266 14.4882203688889
306120118 2856523409301885312 26.8841361534073 0.00108810467645526 4.45129851796568
58106849 2863982672278859904 34.4769782550094 0.00130801799241453 6.45785286948098
58107056 366012852357564032 35.0266745443602 0.00108983495738357 6.52934739770692
258950456 381245486452394624 41.4017112997361 0.00127321458421648 9.59853276271478
267623581 365068891561215232 34.7432691652885 0.00130229827482253 9.07010944041271
267623649 365258832194868992 34.8978385415301 0.00131757266353816 9.01607876570122
127499737 380171641546315904 39.9757097498328 0.00112699565943331 6.59865485894746
115586866 381067846601412864 41.0217369302095 0.00100679625757039 7.96356559264588
440659748 2807299205734517632 24.8988654850849 0.00100048794411123 7.00167248070312
115478927 366863565120635392 37.3443357709637 0.00119575648568571 7.28906547193667
352222666 367798463537390208 38.7577781830561 0.00123358401469886 13.9067041086887
436546422 2803615910500873216 22.9535647775746 0.00141840183641762 13.8509233137138
13861782 2808685964775023744 26.9192403556157 0.00120130821596831 12.3523308604467
13862900 311959628081118976 29.3459654278625 0.00164651777595282 12.4139622342495
13863640 2808876347789682432 27.0731338368416 0.00119715230539441 12.4313624337448
13863723 2808657343112969088 26.8067491591148 0.00179163191933185 12.4395245291073
174434113 315239093310305664 35.2743823470946 0.00121445511467755 16.5921154822341
283428582 367842439706655104 38.7733437396839 0.00118411402218044 12.8573757418118
174436504 313024986129085824 30.4095639896803 0.00101199431810528 16.7320699940984
461600734 573517948090064256 84.5368369088721 0.00138362252619118 11.2283047153583
461619147 574076293837140480 85.9005105252113 0.00128628464881331 12.1822125515432
461618126 573325464834541952 84.3276465166057 0.00111311685759574 12.3828057337136
53845337 312862189688967936 31.5352961642016 0.0010982061503455 14.1995962766129
240856131 402687067000812928 49.4514673216101 0.00276074628345668 16.4026857382563
299329159 404518269257392768 51.0828425650391 0.00215490651316941 15.3505745389768
353804701 302153904211390208 29.0593991117265 0.00118395057506859 24.3904142778343
22627994 305307410934867328 32.8314335302464 0.00169075839221478 27.9971950886784
26835366 302598484866137600 29.7050180831084 0.00134242605417967 26.3000863110394
26835710 302376971928320512 29.0854566987049 0.00123045570217073 26.4335431313402
26856000 302383431559125120 29.1810511781558 0.00138402299489826 26.5679385358366
28675625 318566593451920896 36.3167893153782 0.00237318128347397 26.4356984323647
67419020 330300787702998656 36.150304249949 0.00137257226742804 28.6584869035333
357368180 2769059531350539008 15.1245527277268 0.00138899788726121 1.8958521520866
150854503 2800532776817575808 22.5607925349181 0.00120204233098775 3.44202812513111
150855237 2800629155883586944 22.6788879875026 0.00146006792783737 3.56407317373503
52019724 2793443950475409280 16.3972183327943 0.00117309868801385 4.04235814193474
150784784 2848761235167133184 23.3170911672732 0.00128728884737939 2.83521410603744
115718255 366950843151293440 37.9884019357877 0.00191289535723627 9.02679202201929
58765079 2754918918463844224 12.2128714864897 0.00133466359693557 6.18593907452825
267623423 365019855918735232 34.3487035892816 0.00122437335085124 8.98976984393246
434219655 2801524325851601280 20.2761172895588 0.00147154810838401 10.6466446407785
434220408 2783160149501096704 18.7006575046849 0.00125275761820376 10.7787191209732
434220425 2783173584158795008 18.7874386597227 0.00138856167905033 10.7466699489368
125991997 2859768862684677888 32.3425373268753 0.00101800635457039 8.33269493311206
242701233 2805819709760162304 22.549346487173 0.00127041677478701 8.11810644324992
25762022 2809169264560105472 26.5897456850821 0.00129457958973944 10.3094487996711
436546088 2803985135954410368 23.7627017485522 0.00155423686373979 13.7303219345394
174436503 313024810034663040 30.4166896657402 0.00103230925742537 16.7097173619191
303318374 2776169523291206400 13.6599080353982 0.00181920372415334 12.0756730509056
303318636 2777996327501031552 14.8081856339701 0.00142570934258401 12.0708054165107
196404642 376466188575799680 43.9157175823235 0.00105995591729879 15.0268725983199
196430789 377920567584838656 46.365211902147 0.00122182222548872 15.1939133871696
336768638 2776549404558613248 12.5875452217134 0.00171198998577893 13.9398400495625
243186018 2785343642154922368 18.4452397251982 0.00116066541522741 16.8128864282393
308958713 399411381342103040 48.8030814405315 0.00240095960907638 24.672325063335
309049484 406239722210332288 50.9724655522442 0.00125879305414855 24.863394826816
309050094 406278381213935744 51.3803691312874 0.00103214802220464 24.9409407905891
353804983 303089386743723648 29.9520929873588 0.00129311322234571 24.5378514138084
353850276 303024854859265024 29.7525544033327 0.00126456760335714 24.775867837689
22629274 304001569077887360 30.3059482463727 0.00120171974413097 28.0932744110633
26854852 291499292940592640 25.0983406655405 0.00172535539604723 26.5793492796793
22709314 301021205371993088 30.2556792187744 0.00117673829663545 28.6116746343991
22709499 304042285367885440 30.7016270390799 0.00149465736467391 28.580266986873
26896111 297655016163449856 26.4821989863097 0.00148391735274345 27.5346007752294
26916479 297328358130767872 25.2570733664865 0.00132390344515443 27.7147201930997
26916651 297575198491256832 25.9288230120629 0.0011166624026373 27.6356128757642
88776482 91646978530365824 17.3234266987045 0.00195555435493588 26.7095022418601
91304845 92082110257012736 18.0149208024598 0.00131268100813031 27.7052167321174
434214627 2795259862647922560 19.2544249979209 0.00502957636490464 10.2829151394952
150855033 2848774983357891456 23.4262794388965 0.00284300022758543 3.48840831098656
150785168 2848756493523238528 23.2652747871363 0.00274626887403429 3.0228027950748
150814337 2798666626411528832 20.887821299244 0.00375028024427593 3.07029946977221
58763855 2793969551393180928 17.5466392025145 0.00247509311884642 6.110712315745
434219723 2801331636438982528 20.0626160600888 0.00486294971778989 10.6254699826742
85299128 301022369307171840 30.2880738301225 0.0044403881765902 28.7217799479405
434219657 2801524154052909696 20.2715719896685 0.00112627260386944 10.597630779186
242701185 2799731129761703936 21.8564640412861 0.00265074544586241 8.06015808823575
13863775 2808644217692921472 26.6765279892828 0.00114297226537019 12.4454133692908
58799098 2781772703265731968 17.0560651006219 0.00127836409956217 12.8375728802132
243150832 2788717390505527168 19.6747402287026 0.00144259794615209 15.5650083592497
309050055 406254874855107328 51.3562934741828 0.00138061842881143 24.9282531106323
353805975 292588874604531456 26.378390691014 0.00112579483538866 24.5380669048234
353806219 292460201679352192 25.491285821731 0.0015719139482826 24.5666260995184
353850198 303041557987335808 29.9164649969208 0.00166949699632823 24.6564107143826
353851176 292687422629073280 26.6565101782809 0.00153306988067925 24.7282271880677
353851261 292573863693787136 26.3232850340404 0.00128849118482322 24.7869824857304
26854112 291598356361784448 25.6938407029187 0.00180539046414196 26.5230005376538
20963567 305273184339489152 32.4071746114346 0.00229540863074362 27.4837126421749
22708391 304458656677523968 32.0179281958662 0.0017837347695604 28.4884162963285
26856192 302442633388354304 29.8947839934207 0.00103602942544967 26.628469718778
22708909 304035379060481792 30.587819498928 0.0011109181214124 28.5125797459349
22608071 302514410881832960 30.2493796482233 0.00188389990944415 27.7012384784286
28246663 105084934766479232 24.6723082095589 0.0010492317378521 28.3108237688124
238603814 291527227407876736 25.3519180001301 0.00122901960276067 26.889168629929
52022771 2793466456104092416 16.508429154928 0.00231304159387946 4.34041883477029
52051614 2755635387728454528 13.1335984808334 0.00282519496977329 4.30288673479389
194381477 383735747143765504 41.8554228422566 0.00479062553495169 3.23527061680159
150784941 2848979080203597312 23.8182245923685 0.0058097280561924 2.85178364811738
127430832 381785316594569472 41.3736566350748 0.00366567680612206 6.69327605020832
202415447 394260478602360704 49.6580429045478 0.00404417281970382 6.05245408645241
242700878 2795006974973633664 18.9355339899756 0.0035913516767323 8.00185501571853
436545965 2803834610235694208 23.4162398951373 0.0023126567248255 13.7789669863343
196506423 376137842620914944 42.7195239521977 0.00516417203471065 16.1464760598122
240836888 404417865802859008 51.2247194980886 0.00287874881178141 16.0501793227174
240856511 402652187569910400 49.0400573859061 0.00240682414732873 16.4007589875756
308873470 399376196970086400 48.412779263595 0.00235052919015288 24.4354444495336
327184114 398824551370607744 46.8614074181485 0.00444135442376137 24.1303248938321
327188705 348800586237952512 43.2583412205311 0.00339776277542114 24.1753636416082
327255949 398607191666132352 45.5786018195948 0.00336640607565641 24.1807657173265
20961750 305279854424566656 32.4231998848964 0.00491832010447979 27.3385921071531
