tests/test_assets/qtables/gaia_known_exoplanets.ecsv
# %ECSV 1.0
# ---
# datatype:
# - name: gaia_id
#   datatype: int64
#   description: Unique source identifier (unique within a particular Data Release)
#   meta: !!omap
#   - {ucd: meta.id}
# - name: phot_g_mean_mag
#   unit: mag
#   datatype: float32
#   description: G-band mean magnitude
#   meta: !!omap
#   - {ucd: phot.mag;em.opt}
# - name: phot_bp_mean_mag
#   unit: mag
#   datatype: float32
#   description: Integrated BP mean magnitude
#   meta: !!omap
#   - {ucd: phot.mag;em.opt.B}
# - name: phot_rp_mean_mag
#   unit: mag
#   datatype: float32
#   description: Integrated RP mean magnitude
#   meta: !!omap
#   - {ucd: phot.mag;em.opt.R}
# - name: phot_g_mean_flux_over_error
#   datatype: float32
#   description: G-band mean flux divided by its error
#   meta: !!omap
#   - {ucd: stat.snr;phot.flux;em.opt}
# - name: phot_bp_mean_flux_over_error
#   datatype: float32
#   description: Integrated BP mean flux divided by its error
#   meta: !!omap
#   - {ucd: stat.snr;phot.flux;em.opt.B}
# - name: phot_rp_mean_flux_over_error
#   datatype: float32
#   description: Integrated RP mean flux divided by its error
#   meta: !!omap
#   - {ucd: stat.snr;phot.flux;em.opt.R}
# - name: phot_variable_flag
#   datatype: string
#   description: Photometric variability flag
#   meta: !!omap
#   - {ucd: meta.code;src.var}
#   - {_votable_string_dtype: char}
#   subtype: json
# - name: teff_gspphot
#   unit: K
#   datatype: float32
#   description: Effective temperature from GSP-Phot Aeneas best library using BP/RP spectra
#   meta: !!omap
#   - {ucd: phys.temperature.effective}
# - name: teff_gspspec
#   unit: K
#   datatype: float32
#   description: Effective temperature from GSP-Spec MatisseGauguin using RVS spectra and Monte Carlo realisations
#   meta: !!omap
#   - {ucd: phys.temperature.effective;stat.median}
# - name: teff_esphs
#   unit: K
#   datatype: float32
#   description: Effective temperature from ESP-HS
#   meta: !!omap
#   - {ucd: phys.temperature.effective}
# - name: teff_espucd
#   unit: K
#   datatype: float32
#   description: Effective temperature estimate from ESP-UCD based on the RP spectrum
#   meta: !!omap
#   - {ucd: phys.temperature.effective}
# - name: teff_msc1
#   unit: K
#   datatype: float32
#   description: Effective temperature of the primary from MSC using BP/RP spectra and parallax
#   meta: !!omap
#   - {ucd: phys.temperature.effective}
# - name: teff_msc2
#   unit: K
#   datatype: float32
#   description: Effective temperature of the secondary from MSC using BP/RP spectra and parallax
#   meta: !!omap
#   - {ucd: phys.temperature.effective}
# - name: mh_gspphot
#   unit: dex
#   datatype: float32
#   description: Iron abundance from GSP-Phot Aeneas best library using BP/RP spectra
#   meta: !!omap
#   - {ucd: phys.abund.Fe}
# - name: distance_gspphot
#   unit: pc
#   datatype: float32
#   description: Distance from GSP-Phot Aeneas best library using BP/RP spectra
#   meta: !!omap
#   - {ucd: pos.distance}
# - name: distance_msc
#   unit: pc
#   datatype: float32
#   description: Distance from MSC using BP/RP spectra and parallax
#   meta: !!omap
#   - {ucd: pos.distance}
# - name: mg_gspphot
#   unit: mag
#   datatype: float32
#   description: Absolute magnitude $M_{\rm G}$ from GSP-Phot Aeneas best library using BP/RP spectra
#   meta: !!omap
[...]
#       __info__:
#         description: Effective temperature from GSP-Spec MatisseGauguin using RVS spectra and Monte Carlo realisations
#         meta: {ucd: phys.temperature.effective;stat.median}
#       unit: *id004
#       value: !astropy.table.SerializedColumn
#         __class__: astropy.utils.masked.core.MaskedNDArray
#         data: !astropy.table.SerializedColumn {name: teff_gspspec}
#     teff_msc1:
#       __class__: astropy.units.quantity.Quantity
#       __info__:
#         description: Effective temperature of the primary from MSC using BP/RP spectra and parallax
#         meta: {ucd: phys.temperature.effective}
#       unit: *id004
#       value: !astropy.table.SerializedColumn
#         __class__: astropy.utils.masked.core.MaskedNDArray
#         data: !astropy.table.SerializedColumn {name: teff_msc1}
#     teff_msc2:
#       __class__: astropy.units.quantity.Quantity
#       __info__:
#         description: Effective temperature of the secondary from MSC using BP/RP spectra and parallax
#         meta: {ucd: phys.temperature.effective}
#       unit: *id004
#       value: !astropy.table.SerializedColumn
#         __class__: astropy.utils.masked.core.MaskedNDArray
#         data: !astropy.table.SerializedColumn {name: teff_msc2}
# schema: astropy-2.0
gaia_id phot_g_mean_mag phot_bp_mean_mag phot_rp_mean_mag phot_g_mean_flux_over_error phot_bp_mean_flux_over_error phot_rp_mean_flux_over_error phot_variable_flag teff_gspphot teff_gspspec teff_esphs teff_espucd teff_msc1 teff_msc2 mh_gspphot distance_gspphot distance_msc mg_gspphot spectraltype_esphs age_flame mass_flame lum_flame radius_flame radius_gspphot
49784688211974144 12.050833 12.781098 11.224048 4226.749 1343.3202 2076.983 """NOT_AVAILABLE""" 4507.1626 4060.0 "" "" 4287.953 4260.246 0.7326 97.9737 109.67848 6.7821 """K""" 4.844691 0.72717404 0.17757128 0.68385404 0.7027
297045096447719040 6.999839 7.2736506 6.554308 5224.6284 2714.3838 1647.3097 """NOT_AVAILABLE""" 5960.836 6031.0 "" "" 6272.4863 5929.766 -0.3837 44.7022 46.630333 3.7336 """F""" 6.9978843 1.082729 2.3515975 1.4378545 1.4419
306410392895767680 10.138006 10.449484 9.65724 5479.5293 4654.5054 4175.232 """NOT_AVAILABLE""" "" 6129.0 "" "" 6200.468 5382.598 "" "" 377.0888 "" """F""" "" "" "" "" ""
597829077890316928 13.783936 14.856407 12.75736 3695.9512 1002.1901 1900.6522 """VARIABLE""" 5240.1895 "" "" "" 3823.2505 3411.974 -2.4961 102.5825 112.2735 6.6521 """M""" 12.690801 0.5588119 0.0580525 0.55695325 0.5073
664406705976755712 12.874495 13.337113 12.252626 4214.737 1489.5515 1899.0292 """NOT_AVAILABLE""" 5076.4844 "" "" "" 5101.081 4810.048 -0.0879 223.7808 312.05573 6.02 """K""" "" "" 0.31668758 0.729116 0.716
893550942158776832 11.024397 11.241342 10.654653 2667.6787 1110.0852 1656.3092 """VARIABLE""" 6466.9067 6475.0 "" "" 6699.9824 6295.038 -0.4675 387.9433 481.49738 3.0723 """F""" 2.530826 1.3533427 4.5043197 1.6911362 1.6665
959971546241608576 7.9091277 8.184688 7.4698195 3809.8892 2550.426 1895.0553 """NOT_AVAILABLE""" 6015.399 6130.0 "" "" 6326.9434 5802.4297 -0.2868 83.9385 85.409164 3.272 """F""" 5.3899665 1.1839085 3.7149866 1.7735853 1.7406
1404488390652463872 11.321857 11.789053 10.691633 1696.6034 518.85834 738.1422 """VARIABLE""" 5043.4814 5040.0 "" "" 5098.777 4591.033 0.1114 115.8253 134.96906 5.9149 """K""" 1.965122 0.8433728 0.34049007 0.76424927 0.7628
1464700950221781504 10.197724 10.442294 9.790571 5855.3564 4827.5645 6221.2715 """VARIABLE""" 6204.659 6159.0 "" "" 6409.4497 5696.512 -0.4268 239.295 271.26868 3.2877 """F""" 3.4579093 1.2796746 3.6456735 1.6483556 1.6335
1827242816201846144 7.428371 7.893073 6.797157 3754.494 1044.9825 1122.1012 """VARIABLE""" 4897.251 5237.0 "" "" 5107.666 4265.4424 -0.1874 19.7679 20.997202 5.936 """K""" 10.04904 0.79787195 0.34316152 0.8137522 0.8164
1891507552826485632 10.15379 10.422852 9.720125 3382.696 3076.003 4498.5776 """NOT_AVAILABLE""" 6093.58 6309.0 "" "" 6247.0283 5198.5054 -0.3231 213.1909 229.77264 3.4624 """F""" 4.1553135 1.2217073 3.0255997 1.5604119 1.5589
2051030231707057024 14.213701 14.567859 13.691275 6038.6577 1049.4794 1446.5417 """NOT_AVAILABLE""" 5600.5596 "" "" "" 5789.1714 4839.2773 -0.402 591.9711 827.73486 5.2533 """G""" 0.61973053 0.96707726 0.6283157 0.8635191 0.8168
2051865551307698688 12.83923 13.342371 12.182532 2384.97 643.09314 945.74036 """VARIABLE""" 4946.834 5011.0 "" "" 4907.6865 4611.128 0.0378 204.9871 253.16373 6.1498 """K""" "" 0.82403183 0.28657514 0.728114 0.7179
2051926226306177792 15.247141 15.579384 14.699356 1783.954 619.20764 657.61115 """NOT_AVAILABLE""" 5865.6743 "" "" "" 5429.8174 5708.5693 -0.5771 3449.758 1541.2473 2.2859 """F""" 2.5572479 1.5259312 8.96862 2.9021568 2.9285
2052767528800649984 14.917727 15.394164 14.2731495 2472.2188 493.10318 740.2191 """VARIABLE""" 5092.104 "" "" "" 5244.4575 4305.8696 -0.3949 749.5255 755.7048 5.3187 """K""" "" "" 0.59667903 0.9885369 0.9868
2052823535171095296 14.912541 15.299011 14.359625 4563.9565 702.0614 1361.5902 """NOT_AVAILABLE""" 6017.2056 "" "" "" 5438.519 5082.07 -0.0485 1015.9893 1418.0344 4.4505 """G""" 4.760371 1.0676997 1.5565355 1.1556762 1.0033
2052857860550101376 12.669632 12.949286 12.23103 5735.08 2225.7886 2288.9238 """NOT_AVAILABLE""" 5970.9434 "" "" "" 6194.9556 5300.253 -0.2962 596.4093 734.5315 3.7845 """F""" 6.9640894 1.082781 2.3398638 1.432154 1.3994
2053177406120368896 13.252274 13.581597 12.755898 5742.669 1382.8143 2132.3936 """NOT_AVAILABLE""" 5942.1084 "" "" "" 5941.8555 5352.254 -0.2152 752.37 733.1096 3.7067 """F""" 7.1823816 1.0767412 2.3079064 1.4312724 1.4608
2053457644144430848 13.222908 13.877546 12.447265 6894.4473 1288.46 2143.1406 """NOT_AVAILABLE""" "" "" "" "" 4610.0684 3828.5645 "" "" 216.33142 "" """K""" "" "" "" "" ""
2053585732948605952 14.706672 15.145081 14.097687 4082.0044 801.28577 709.9933 """NOT_AVAILABLE""" 5125.473 "" "" "" 5377.078 4844.706 -0.0381 641.5527 814.00977 5.6046 """G""" 12.5847225 0.81089455 0.44209412 0.84104633 0.846
2064327278651198336 7.5902658 7.594926 7.552309 2868.4248 1309.4618 1548.6509 """NOT_AVAILABLE""" 9951.392 "" "" "" 7600.0312 7600.0107 -1.2009 211.0618 215.91605 0.7791 """A""" 0.44144762 2.322507 39.3253 2.3760993 2.3747
2073292868280455936 15.045864 15.443576 14.476877 2900.8274 706.3846 912.8031 """NOT_AVAILABLE""" 5364.988 "" "" "" 5537.1006 4737.302 -0.3512 897.7556 1063.9307 5.1611 """G""" 13.443574 0.8576153 0.68724513 0.95934355 0.9359
2073671753111037440 14.721443 15.06581 14.208276 4212.437 631.7619 1396.0673 """NOT_AVAILABLE""" 5917.1274 "" "" "" 5846.509 5427.0156 -0.2518 1393.8033 1576.6677 3.7631 """F""" 6.6156483 1.1225301 3.030402 1.65628 1.4366
2075063150726110208 13.599419 13.846908 12.76568 128.6752 1155.9658 1759.9313 """NOT_AVAILABLE""" "" "" "" "" "" "" "" "" "" "" """G""" "" "" "" "" ""
2076085318570299136 13.87081 14.1729965 13.407218 5601.024 1358.0972 1488.7482 """NOT_AVAILABLE""" 6231.8013 "" "" "" 6068.078 5447.3867 -0.1324 982.5224 1192.145 3.6881 """F""" 3.4704537 1.1875736 2.510366 1.358586 1.3345
2076214889145035136 15.9018545 16.355623 15.209688 749.5496 333.11508 688.62085 """NOT_AVAILABLE""" 5135.7593 "" "" "" 4871.935 4318.192 -0.7731 777.2733 1187.4954 6.0797 """G""" "" "" 0.28719497 0.670137 0.6808
2076249351963553152 14.134493 14.453153 13.648535 5266.2993 1152.4995 1465.4034 """NOT_AVAILABLE""" 5669.1895 "" "" "" 6019.3447 5071.5054 -0.6794 784.0183 943.2175 4.6531 """F""" 9.821342 0.9393054 1.042699 1.0596244 1.0576
2076391669999950720 13.586385 13.949453 13.060338 5176.604 1321.3903 2289.7192 """NOT_AVAILABLE""" 5640.969 "" "" "" 5752.2188 5187.09 -0.1957 508.3242 629.05054 4.9213 """G""" 5.6124725 0.95755446 0.83079976 0.9564122 0.928
2076565805151925760 14.820219 15.402246 14.099508 2981.4463 754.62006 1078.9548 """VARIABLE""" 4685.2856 "" "" "" 4716.1753 4649.866 0.1583 426.0551 596.3044 6.5343 """K""" 7.9279814 0.75124294 0.22634386 0.7193246 0.6969
2076839480469187712 13.082498 13.560228 12.434934 1484.4294 440.16656 546.4925 """VARIABLE""" 4979.8394 "" "" "" 5173.043 4396.8887 -0.1054 263.8086 314.24057 5.866 """K""" 13.214679 0.7868753 0.3595653 0.80285174 0.8056
2076960598545789824 13.696377 14.053956 13.16445 6208.675 1360.3217 1271.0815 """NOT_AVAILABLE""" 5522.061 "" "" "" 5663.4316 5196.699 -0.387 626.8649 681.1814 4.6425 """G""" "" "" 1.0593538 1.1398946 1.1169
2076970047474270208 12.180761 12.476459 11.723535 8511.812 1838.0885 3884.4907 """NOT_AVAILABLE""" 6022.8604 6213.0 "" "" 6073.288 5233.62 -0.1723 469.8221 493.03287 3.7312 """F""" 5.0144815 1.1474967 2.3425875 1.4065552 1.4035
2077119748545602304 13.675629 14.05694 13.132927 6952.509 1604.5966 2783.799 """NOT_AVAILABLE""" 5535.735 "" "" "" 5574.6484 5194.5015 -0.0063 533.3203 638.1837 4.9184 """G""" 11.50032 0.8919245 0.8194292 0.9862566 0.9658
2077722010342674944 15.494983 15.895645 14.931528 3441.199 638.26013 951.09625 """NOT_AVAILABLE""" 5501.4126 "" "" "" 5431.2646 5105.429 -0.0254 1097.7363 1374.8453 5.1177 """G""" 12.659578 0.878977 0.8204709 1.006923 0.8954
2077819763799736192 14.853418 15.220655 14.319116 4176.995 572.67365 830.75714 """NOT_AVAILABLE""" 5455.23 "" "" "" 5603.6475 5172.036 -0.3877 970.1978 1181.061 4.8976 """G""" "" 0.8780696 0.8648378 1.0381223 1.0176
2078147796220283776 14.821758 15.215774 14.2574415 4011.3457 734.2815 1216.476 """NOT_AVAILABLE""" 5284.8823 "" "" "" 5491.802 4899.4146 -0.3504 756.6662 960.6312 5.3765 """G""" 10.80708 0.84936017 0.5461725 0.88158387 0.8777
2078286197246582016 14.53355 15.025812 13.887445 3740.366 603.0332 1182.1372 """NOT_AVAILABLE""" 4969.92 "" "" "" 5094.5293 4929.2163 0.1019 519.3844 661.8145 5.8471 """K""" 13.374171 0.78592616 0.36510226 0.81548184 0.817
2078310008545447808 14.967741 15.411001 14.363631 3759.9573 781.85504 1151.7928 """NOT_AVAILABLE""" 5066.6787 "" "" "" 5196.74 4564.0024 -0.2632 751.1096 993.82745 5.5552 """K""" "" "" 0.46919775 0.88764876 0.8927
2078758433192866816 14.090673 14.595572 13.435006 1880.4668 321.45038 679.20746 """VARIABLE""" 4904.8926 "" "" "" 4960.577 4601.923 -0.2169 413.0885 484.57147 5.8856 """K""" "" "" 0.3443396 0.81259495 0.8309
2079662785806103936 15.015958 15.707647 14.214355 3750.5732 690.86145 1221.2954 """NOT_AVAILABLE""" 4496.294 "" "" "" 4539.0205 4300.3066 0.3406 380.4315 502.08917 6.8637 """K""" 2.1628458 0.7266668 0.16673286 0.6722256 0.6762
2080246282881778048 15.411413 15.932526 14.7306185 1787.1632 218.7031 636.49585 """VARIABLE""" 4947.7793 "" "" "" 4900.2754 4840.769 0.3749 776.639 917.8426 5.7613 """K""" "" "" 0.3922255 0.8497759 0.8577
2080296757338392576 15.454196 15.778172 14.934439 2176.4053 283.23505 383.39975 """VARIABLE""" 5802.9204 "" "" "" 5875.307 5111.176 -0.4177 1257.0708 1785.404 4.8118 """G""" 6.8568354 0.99516284 1.185079 1.0779176 0.9276
2080344586094498432 13.73651 14.1823225 13.130549 2262.1455 594.0055 987.4753 """VARIABLE""" 5157.6562 "" "" "" 5495.883 4428.064 -0.1142 378.6436 480.72394 5.7301 """G""" 2.3293402 0.8673882 0.39644054 0.7885804 0.7873
2080358501789906176 14.134207 13.9206705 13.095086 108.24251 1026.6122 2034.3673 """NOT_AVAILABLE""" "" "" "" "" "" "" "" "" "" "" """F""" "" "" "" "" ""
2080362899836411136 13.408716 13.666523 12.992357 3179.1787 1209.0627 2437.6462 """NOT_AVAILABLE""" 6484.3438 "" "" "" 6598.0527 5353.1094 -0.2187 931.0698 1035.843 3.384 """F""" 2.2456815 1.2856842 3.3506756 1.438845 1.4247
2080388566557873280 14.937252 15.541929 14.204506 4225.5254 1036.8035 1317.6395 """NOT_AVAILABLE""" 4663.3276 "" "" "" 4710.814 4593.5293 0.4675 455.6612 649.6304 6.5154 """K""" 13.148279 0.73794204 0.24351628 0.744224 0.7132
2081880913079644288 15.8279505 16.257887 15.236503 2247.3325 402.68967 598.5875 """VARIABLE""" 5288.4404 "" "" "" 5596.057 4557.705 -0.5713 1243.205 1454.1613 5.1692 """F""" "" 0.86844003 0.8879744 1.1139826 0.9686
2082074942519913344 12.830316 13.159493 12.335264 5980.0347 2115.7104 3025.3706 """NOT_AVAILABLE""" 5605.509 "" "" "" 5990.26 5016.639 -0.5191 436.7705 509.54346 4.6216 """G""" 12.583442 0.91332084 1.0747125 1.0990694 1.0938
2086337508581280256 15.383721 15.773265 14.801125 3564.019 385.32733 321.90717 """NOT_AVAILABLE""" 5547.5566 "" "" "" 5441.5566 5005.255 -0.1028 2489.2463 1329.9282 3.1851 """G""" 10.410744 1.0161723 2.3366976 1.6540134 2.1504
2086441721667415424 15.917434 16.478073 15.211994 2586.7112 344.97293 616.6539 """NOT_AVAILABLE""" 4608.296 "" "" "" 4911.579 4401.464 -0.1499 798.7445 1055.3152 6.37 """K""" "" "" 0.2593311 0.7988615 0.7884
2087250476887856256 12.840865 13.409953 12.130026 2413.1968 789.48804 874.66693 """VARIABLE""" 4630.379 4986.0 "" "" 4605.1904 4594.771 0.1423 186.0016 219.67332 6.4502 """K""" 13.131214 0.73519355 0.2347648 0.750875 0.7489
2099583977992504576 13.369694 13.696955 12.876597 5535.8525 1782.2651 2119.296 """NOT_AVAILABLE""" 5847.7944 "" "" "" 5906.126 5098.71 -0.3059 622.9137 689.2687 4.2683 """G""" 7.8686023 1.0201098 1.5295103 1.2093711 1.1702
2099714751157275264 14.399216 14.845979 13.7918825 1480.5354 339.14502 556.60443 """VARIABLE""" 5218.882 "" "" "" 5319.0566 4735.7207 0.0386 512.4778 700.5732 5.6995 """G""" 2.9028144 0.8790324 0.43643555 0.8053221 0.7739
2101340791416961664 14.6024685 14.993875 14.04659 4984.2085 995.14856 1409.757 """NOT_AVAILABLE""" 5432.5645 "" "" "" 5654.8413 5228.315 -0.5185 1279.6942 1007.6105 3.9771 """G""" 11.9143 0.9841254 2.1105883 1.6770135 1.5809
2101768089124657664 15.587101 16.080566 14.934469 2028.4796 388.97168 595.0098 """VARIABLE""" 4920.1973 "" "" "" 5019.9507 4898.4824 0.0343 836.182 1061.7693 5.8815 """K""" "" 0.7689106 0.3554359 0.8171295 0.8247
2102063136195478656 14.964525 15.352884 14.407455 2331.515 607.5409 715.9891 """VARIABLE""" 5436.413 "" "" "" 5525.8926 5082.4355 -0.0879 840.768 1128.9905 5.2351 """G""" 9.666065 0.8852831 0.6638188 0.9193716 0.8724
2102548708017562112 12.445517 12.827958 11.901603 6342.306 1846.4589 3793.7168 """NOT_AVAILABLE""" 5485.2905 5787.0 "" "" 5594.8774 4850.798 0.0133 283.9439 345.32587 5.0927 """G""" 9.161635 0.8921359 0.67997694 0.92110395 0.9117
2102587087846067712 14.604491 14.976091 14.069035 4938.016 692.4987 808.6663 """NOT_AVAILABLE""" 5663.4033 "" "" "" 5685.1074 4955.0806 0.1552 949.7309 1066.0151 4.5577 """G""" 13.499331 0.8925942 0.9715903 1.064798 1.0791
2102880210775046528 14.899893 15.258334 14.372519 4179.61 748.3422 870.88763 """NOT_AVAILABLE""" 5710.7905 "" "" "" 5741.8906 4840.171 -0.0841 1170.2992 1399.7092 4.392 """G""" 11.245334 0.9605909 1.4664224 1.2373238 1.1529
2102948483573807616 13.409839 13.6991 12.959013 6536.3545 1811.2771 2762.3848 """NOT_AVAILABLE""" 5978.244 "" "" "" 6299.2627 5186.5566 -0.5108 650.0315 793.3557 4.2854 """G""" 5.443364 1.0583262 1.5697151 1.1716362 1.1147
2103062523544455296 15.124071 15.472746 14.614738 4131.084 565.4213 994.91315 """NOT_AVAILABLE""" 5774.5796 "" "" "" 5826.832 5482.3926 0.2018 1359.7351 1779.9584 4.3369 """G""" 9.588997 1.0243168 2.1903734 1.4979404 1.1506
2103295173333142784 14.403328 15.010729 13.663563 5070.281 663.3213 1190.6707 """NOT_AVAILABLE""" "" "" "" "" 4767.21 3999.8362 "" "" 423.90118 "" """K""" "" "" "" "" ""
2103578400656053632 14.936947 15.680295 14.103166 3832.9465 639.11084 1388.6613 """NOT_AVAILABLE""" 4397.242 "" "" "" 4426.7695 4210.585 0.2532 333.8189 438.24258 7.0142 """K""" 1.6910033 0.7071089 0.14552698 0.65440655 0.674
2104094071610116608 14.091172 14.543844 13.479165 6623.936 945.5172 1537.4706 """NOT_AVAILABLE""" 5069.1353 "" "" "" 5147.3027 4999.2104 -0.0471 449.5149 567.9192 5.7632 """G""" 12.356093 0.8027388 0.39271826 0.81346595 0.8088
2104847370214740352 12.931182 13.356528 12.3439665 5495.983 1355.2347 2862.4463 """NOT_AVAILABLE""" 5242.6987 "" "" "" 5417.4893 4938.783 0.0496 297.1229 367.06616 5.4828 """K""" 10.432799 0.8428793 0.49866197 0.8559739 0.8463
2105261134483173632 15.768477 16.60808 14.87218 2499.5134 285.0581 571.59076 """NOT_AVAILABLE""" "" "" "" "" 4316.258 3602.6072 "" "" 513.5235 "" """K""" "" "" "" "" ""
2105343799713595904 13.422065 13.776469 12.860612 2007.8445 1254.6415 1244.8308 """NOT_AVAILABLE""" 5621.8203 "" "" "" 5749.558 5100.6924 -0.3054 393.4931 554.2009 5.2755 """G""" 0.527975 0.9715498 0.6300436 0.8438061 0.7994
2105618029085927680 14.12361 14.535418 13.548651 5384.9355 819.26556 1430.8143 """NOT_AVAILABLE""" 5330.454 "" "" "" 5235.074 5273.9297 -0.0302 535.5051 676.8711 5.3716 """G""" 10.209387 0.8614026 0.56956947 0.8845704 0.8565
2105743987587112064 13.262177 13.721976 12.643574 2712.3025 760.15985 753.0574 """VARIABLE""" 5044.988 "" "" "" 5281.247 4801.4053 0.1038 307.8034 381.19992 5.7713 """K""" 12.45539 0.7990788 0.38606063 0.80971646 0.8146
2106710978002603904 13.922611 14.235329 13.446903 4909.867 904.11786 1769.642 """NOT_AVAILABLE""" 5785.2446 "" "" "" 6076.992 5531.1445 -0.596 1012.0485 1074.3052 3.8617 """F""" 8.679003 1.0508497 2.4265358 1.5510608 1.462
2107111749991684992 14.459087 14.903847 13.562781 311.9557 723.9387 964.05286 """NOT_AVAILABLE""" "" "" "" "" 4881.7646 3926.7046 "" "" 426.33884 "" """K""" "" "" "" "" ""
2107236613280607104 12.584122 12.835172 12.175417 5396.4194 1805.01 2103.9521 """NOT_AVAILABLE""" 6178.9956 5744.0 "" "" 6589.622 5700.324 -0.3594 542.16 678.1748 3.9046 """F""" 3.223835 1.1499109 2.0333066 1.2437408 1.2373
2107317358665730688 15.393627 16.219654 14.501537 3182.9128 272.877 591.2558 """NOT_AVAILABLE""" 4260.4136 "" "" "" 4296.505 3613.4736 0.146 337.7975 430.17255 7.3484 """K""" 5.129895 0.6721279 0.12020831 0.6350512 0.6343
