tests/test_assets/qtables/gaia_known_exoplanets.ecsv
# %ECSV 1.0
# ---
# datatype:
# - name: gaia_id
#   datatype: int64
#   description: Unique source identifier (unique within a particular Data Release)
#   meta: !!omap
#   - {ucd: meta.id}
# - name: phot_g_mean_mag
#   unit: mag
#   datatype: float32
#   description: G-band mean magnitude
#   meta: !!omap
#   - {ucd: phot.mag;em.opt}
# - name: phot_bp_mean_mag
#   unit: mag
#   datatype: float32
#   description: Integrated BP mean magnitude
#   meta: !!omap
#   - {ucd: phot.mag;em.opt.B}
# - name: phot_rp_mean_mag
#   unit: mag
#   datatype: float32
#   description: Integrated RP mean magnitude
#   meta: !!omap
#   - {ucd: phot.mag;em.opt.R}
# - name: phot_g_mean_flux_over_error
#   datatype: float32
#   description: G-band mean flux divided by its error
#   meta: !!omap
#   - {ucd: stat.snr;phot.flux;em.opt}
# - name: phot_bp_mean_flux_over_error
#   datatype: float32
#   description: Integrated BP mean flux divided by its error
#   meta: !!omap
#   - {ucd: stat.snr;phot.flux;em.opt.B}
# - name: phot_rp_mean_flux_over_error
#   datatype: float32
#   description: Integrated RP mean flux divided by its error
#   meta: !!omap
#   - {ucd: stat.snr;phot.flux;em.opt.R}
# - name: phot_variable_flag
#   datatype: string
#   description: Photometric variability flag
#   meta: !!omap
#   - {ucd: meta.code;src.var}
#   - {_votable_string_dtype: char}
#   subtype: json
# - name: teff_gspphot
#   unit: K
#   datatype: float32
#   description: Effective temperature from GSP-Phot Aeneas best library using BP/RP spectra
#   meta: !!omap
#   - {ucd: phys.temperature.effective}
# - name: teff_gspspec
#   unit: K
#   datatype: float32
#   description: Effective temperature from GSP-Spec MatisseGauguin using RVS spectra and Monte Carlo realisations
#   meta: !!omap
#   - {ucd: phys.temperature.effective;stat.median}
# - name: teff_esphs
#   unit: K
#   datatype: float32
#   description: Effective temperature from ESP-HS
#   meta: !!omap
#   - {ucd: phys.temperature.effective}
# - name: teff_espucd
#   unit: K
#   datatype: float32
#   description: Effective temperature estimate from ESP-UCD based on the RP spectrum
#   meta: !!omap
#   - {ucd: phys.temperature.effective}
# - name: teff_msc1
#   unit: K
#   datatype: float32
#   description: Effective temperature of the primary from MSC using BP/RP spectra and parallax
#   meta: !!omap
#   - {ucd: phys.temperature.effective}
# - name: teff_msc2
#   unit: K
#   datatype: float32
#   description: Effective temperature of the secondary from MSC using BP/RP spectra and parallax
#   meta: !!omap
#   - {ucd: phys.temperature.effective}
# - name: mh_gspphot
#   unit: dex
#   datatype: float32
#   description: Iron abundance from GSP-Phot Aeneas best library using BP/RP spectra
#   meta: !!omap
#   - {ucd: phys.abund.Fe}
# - name: distance_gspphot
#   unit: pc
#   datatype: float32
#   description: Distance from GSP-Phot Aeneas best library using BP/RP spectra
#   meta: !!omap
#   - {ucd: pos.distance}
# - name: distance_msc
#   unit: pc
#   datatype: float32
#   description: Distance from MSC using BP/RP spectra and parallax
#   meta: !!omap
#   - {ucd: pos.distance}
# - name: mg_gspphot
#   unit: mag
#   datatype: float32
#   description: Absolute magnitude $M_{\rm G}$ from GSP-Phot Aeneas best library using BP/RP spectra
#   meta: !!omap
[...]
#       __info__:
#         description: Effective temperature from GSP-Spec MatisseGauguin using RVS spectra and Monte Carlo realisations
#         meta: {ucd: phys.temperature.effective;stat.median}
#       unit: *id004
#       value: !astropy.table.SerializedColumn
#         __class__: astropy.utils.masked.core.MaskedNDArray
#         data: !astropy.table.SerializedColumn {name: teff_gspspec}
#     teff_msc1:
#       __class__: astropy.units.quantity.Quantity
#       __info__:
#         description: Effective temperature of the primary from MSC using BP/RP spectra and parallax
#         meta: {ucd: phys.temperature.effective}
#       unit: *id004
#       value: !astropy.table.SerializedColumn
#         __class__: astropy.utils.masked.core.MaskedNDArray
#         data: !astropy.table.SerializedColumn {name: teff_msc1}
#     teff_msc2:
#       __class__: astropy.units.quantity.Quantity
#       __info__:
#         description: Effective temperature of the secondary from MSC using BP/RP spectra and parallax
#         meta: {ucd: phys.temperature.effective}
#       unit: *id004
#       value: !astropy.table.SerializedColumn
#         __class__: astropy.utils.masked.core.MaskedNDArray
#         data: !astropy.table.SerializedColumn {name: teff_msc2}
# schema: astropy-2.0
gaia_id phot_g_mean_mag phot_bp_mean_mag phot_rp_mean_mag phot_g_mean_flux_over_error phot_bp_mean_flux_over_error phot_rp_mean_flux_over_error phot_variable_flag teff_gspphot teff_gspspec teff_esphs teff_espucd teff_msc1 teff_msc2 mh_gspphot distance_gspphot distance_msc mg_gspphot spectraltype_esphs age_flame mass_flame lum_flame radius_flame radius_gspphot
[from data line 74]
2107658516506930048 12.595838 12.957886 12.068121 6421.754 1476.2976 2748.509 """NOT_AVAILABLE""" 5688.562 5802.0 "" "" 5699.126 4727.721 0.0954 334.6891 396.8564 4.8345 """G""" 5.756971 0.9609724 0.853046 0.9650288 0.9453
2110345512468201344 11.271119 12.160554 10.345376 2436.3594 776.13617 1254.2844 """VARIABLE""" 4154.6216 4054.0 "" "" 4131.9688 3638.2964 0.256 49.0437 50.484947 7.4499 """K""" 13.166146 0.65023565 0.115385786 0.6555646 0.6559
2115245554756763392 11.630608 11.925011 11.165082 6273.479 1329.8373 2762.6853 """NOT_AVAILABLE""" 5869.801 6058.0 "" "" 6100.1875 5165.2363 -0.3756 287.7541 345.1781 4.3015 """G""" 7.0248585 1.0180708 1.4287406 1.1542594 1.1433
2117317829237452160 14.620576 14.97674 14.101273 4573.585 733.88605 921.46265 """NOT_AVAILABLE""" "" "" "" "" 5732.805 5028.493 "" "" 1157.1405 "" """G""" "" "" "" "" ""
2119409512668086656 13.720085 14.195743 13.08289 6424.818 1076.8794 2020.9711 """NOT_AVAILABLE""" 4970.752 "" "" "" 5097.0 4085.4546 -0.4185 287.7873 366.6577 6.3122 """K""" "" "" 0.24226646 0.66537243 0.662
2125960402948600704 16.231579 16.138512 15.127474 751.054 73.48305 90.78861 """NOT_AVAILABLE""" "" "" "" "" 4777.122 4571.2188 "" "" 1015.64404 "" """O""" "" "" "" "" ""
2126343823271448832 14.898035 15.743421 13.996455 3464.3525 492.01895 1136.0134 """NOT_AVAILABLE""" 4311.4756 "" "" "" 4266.114 4031.3777 0.4038 308.7914 360.1474 6.975 """K""" "" "" 0.16879734 0.7272662 0.7302
2126639557538793088 15.511859 15.904679 14.955078 3671.235 481.95044 778.72473 """NOT_AVAILABLE""" 5521.1396 "" "" "" 5407.3184 5306.036 -0.0793 1266.1299 1580.7356 4.8467 """G""" 13.223754 0.93310314 1.3380324 1.327499 1.0001
2126660856277325696 12.829783 13.227871 12.266011 6073.626 1850.8134 3138.4072 """NOT_AVAILABLE""" 5258.0327 5625.0 "" "" 5492.0054 5307.6094 -0.1705 724.503 597.7747 3.4999 """G""" 6.5901475 1.1565236 3.385951 2.214482 2.1063
2126680651786377984 15.895609 16.338339 15.287462 1395.4443 161.73137 434.0401 """VARIABLE""" 5155.989 "" "" "" 5366.1846 4784.325 -0.1134 1005.6683 1357.9314 5.7868 """K""" 10.896812 0.8296311 0.46188626 0.8507964 0.7674
2126985280924750720 15.361384 15.717099 14.83622 2979.13 639.3012 775.22064 """NOT_AVAILABLE""" 5629.7363 "" "" "" 5465.11 5217.8516 -0.2849 1082.9119 1572.6057 5.0801 """G""" 7.1325464 0.9437788 0.8466636 0.97121674 0.8713
2127721958016074368 15.791147 16.284157 15.144438 3205.7966 376.68704 786.0214 """NOT_AVAILABLE""" 4900.473 "" "" "" 4935.0073 4895.797 0.3898 938.8015 1151.3306 5.919 """K""" "" "" 0.38613617 0.86354387 0.8201
2127790368255394048 13.89453 14.206796 13.424976 5151.8247 868.56635 1586.811 """NOT_AVAILABLE""" 5813.481 "" "" "" 6173.5415 5420.6304 -0.1173 904.9742 1056.3345 4.0755 """G""" 9.43108 0.9871994 1.4781364 1.2090749 1.2709
2127832768171557632 14.850607 15.2171335 14.302554 2885.364 794.295 1040.7213 """NOT_AVAILABLE""" 5671.9536 "" "" "" 5687.116 5103.8403 0.1531 1978.632 1199.4133 3.172 """G""" 11.904556 0.9620526 1.7026106 1.3523178 2.0369
2128150217796747520 15.188849 15.76517 14.472381 3363.416 355.07358 932.39166 """NOT_AVAILABLE""" 4674.282 "" "" "" 4683.9663 4608.863 0.2451 524.6658 698.7395 6.4797 """K""" 8.117874 0.76884776 0.26357535 0.7728441 0.7163
2128167225867000576 14.823856 15.1036215 14.300121 711.9842 1021.3528 1087.3861 """NOT_AVAILABLE""" 6241.213 "" "" "" 6147.1523 4864.871 -0.5427 921.3859 1488.2634 4.6715 """F""" "" "" 0.98922855 0.8492486 0.8591
2128168256659148032 14.611072 14.991252 14.069086 5244.8706 757.01215 1304.5356 """NOT_AVAILABLE""" 5479.404 "" "" "" 5607.854 4971.912 -0.1902 805.9222 982.01794 4.9846 """G""" 12.338452 0.87645966 0.76492643 0.9711097 0.966
2128818411627270528 15.799604 16.229507 15.208416 3093.3389 440.71347 592.76733 """NOT_AVAILABLE""" 5251.9487 "" "" "" 5460.715 4606.978 -0.1896 965.987 1450.381 5.7401 """G""" 2.98434 0.8844346 0.45248902 0.81334955 0.7514
2128911251641171200 14.497476 14.900232 13.933998 2335.5378 488.89944 777.03925 """VARIABLE""" 5453.9604 "" "" "" 5401.374 4899.1616 -0.0919 600.2379 791.4252 5.4541 """G""" "" "" 0.52583224 0.8101978 0.7831
2129099474286578048 14.91898 15.243398 14.428221 3458.5967 629.8087 1007.6936 """NOT_AVAILABLE""" 5616.5547 "" "" "" 5826.8477 4825.3257 -0.7622 1125.8247 1536.2122 4.6565 """F""" 12.57954 0.9178028 1.1348499 1.123569 1.0781
2129164173675031936 13.925454 14.322203 13.366607 6228.1216 1420.871 2111.1719 """NOT_AVAILABLE""" 5469.1494 "" "" "" 5572.6504 5085.2026 -0.0058 489.0317 664.25073 5.3444 """G""" 0.9541784 0.9488776 0.5809071 0.8493655 0.8169
2129234336259850240 14.89982 15.258337 14.37612 4981.8203 635.79803 1075.2603 """NOT_AVAILABLE""" 5699.803 "" "" "" 5693.3315 5131.6924 -0.1351 1046.4401 1241.4121 4.6532 """G""" 9.67648 0.94906676 1.1144626 1.0877279 1.0289
2129417198787412608 14.731831 15.1279335 14.172316 4923.9326 735.6889 1019.74994 """NOT_AVAILABLE""" 5348.305 "" "" "" 5424.7773 5392.9727 -0.1384 775.175 1001.2659 5.2146 """G""" 12.47759 0.85370654 0.62736356 0.9221603 0.9154
2130405041264941184 15.156471 15.52504 14.621193 3765.1787 575.9134 1009.53595 """NOT_AVAILABLE""" 5383.5957 "" "" "" 5579.1016 5184.8164 -0.3132 978.2265 1285.6741 5.1882 """F""" 11.971579 0.8619763 0.6509139 0.926849 0.9151
2130460394803778816 15.047635 15.496194 14.442099 2607.4443 469.0148 832.9143 """VARIABLE""" 5058.3076 "" "" "" 5299.5137 4977.45 0.1794 761.2908 1030.0757 5.6262 """K""" "" "" 0.44089153 0.86319834 0.8633
2130550520397270016 14.98956 15.453024 14.363877 4329.069 749.1992 921.96344 """NOT_AVAILABLE""" 4996.755 "" "" "" 5315.66 4599.8843 -0.0988 686.0646 859.1668 5.7452 """K""" "" "" 0.4056112 0.850554 0.8462
2130980910480096384 13.80895 14.138799 13.315828 5858.8496 1076.1996 1191.106 """NOT_AVAILABLE""" 5612.9453 "" "" "" 5930.7783 5191.455 -0.4588 894.0762 926.29144 4.0477 """G""" 12.043569 0.9692073 1.872827 1.4454788 1.4187
2131593785132997632 8.707934 8.973179 8.274156 5600.3745 1689.2415 2892.5627 """NOT_AVAILABLE""" 6040.7085 6031.0 "" "" 6130.792 5197.2495 -0.4252 88.989 95.05588 3.9518 """F""" 5.196681 1.1001443 1.9340323 1.269549 1.2708
2131804165512770176 15.731917 16.177332 15.12412 3073.6934 300.5509 459.5089 """NOT_AVAILABLE""" 5078.9263 "" "" "" 5333.0034 4691.9873 -0.2348 917.7274 1371.49 5.8795 """K""" 12.023397 0.805776 0.444122 0.86049324 0.7649
2132086400701217792 12.500762 12.886597 11.952253 5946.4136 1729.8799 2516.3083 """NOT_AVAILABLE""" 5388.995 5551.0 "" "" 5564.528 5099.202 0.3342 339.2003 396.5399 4.8465 """G""" 7.466864 0.93971276 0.8568589 1.0614897 1.0592
2132699137916968576 15.886535 16.454954 15.181819 2715.0476 302.65396 607.39795 """NOT_AVAILABLE""" 4664.3545 "" "" "" 4801.1387 4762.9707 0.0615 811.7979 1034.8376 6.2644 """K""" 12.975829 0.7387866 0.26723838 0.7864153 0.798
2133178765503484160 13.275365 13.573605 12.815155 5946.6216 1304.1741 2437.0327 """NOT_AVAILABLE""" 5842.4517 "" "" "" 6013.0684 5330.6914 -0.3121 965.8253 952.96326 3.3357 """F""" 6.421073 1.1462709 3.463406 1.8216138 1.8005
2133196151531241216 12.975172 13.460225 12.33118 5523.288 1752.1556 1763.7573 """NOT_AVAILABLE""" 5012.4727 "" "" "" 5166.3125 4900.422 0.081 947.1 396.24847 2.9487 """K""" 5.6098604 1.2137651 4.364584 2.759869 3.0415
2133250405558238976 15.158996 15.520152 14.632673 4184.3667 454.46103 972.3254 """NOT_AVAILABLE""" 5479.5 "" "" "" 5635.7446 5209.6143 -0.1673 1138.2576 1411.7153 4.8378 """F""" "" 0.890493 0.9418699 1.0760769 1.0285
2133309160710350336 13.317878 13.694566 12.779647 5606.1826 1364.515 2546.7922 """NOT_AVAILABLE""" "" "" "" "" 5485.3203 5609.6094 "" "" 725.85956 "" """G""" "" "" "" "" ""
2134931077802625792 15.350661 15.7517 14.782049 3352.7114 509.66284 690.7324 """NOT_AVAILABLE""" 5226.7725 "" "" "" 5717.8677 4604.413 -0.4498 900.6751 1244.1924 5.5357 """G""" 8.444508 0.85026574 0.47982594 0.841996 0.839
2135044568018500096 13.199171 13.464395 12.781386 4500.0005 1434.4763 2210.8513 """NOT_AVAILABLE""" 6148.697 "" "" "" 6370.8994 5597.8022 -0.1183 850.1435 945.7196 3.5254 """F""" 4.0390277 1.2052188 2.827281 1.4803122 1.4762
2135203000771400320 15.1803465 15.516848 14.678155 3983.9924 679.1133 834.78876 """NOT_AVAILABLE""" 5929.3867 "" "" "" 5721.383 5590.824 -0.2736 1278.5917 1608.4221 4.4813 """G""" 7.277285 1.0230759 1.4999864 1.1842135 1.0357
2262322556576778752 12.69226 12.995662 12.224117 4970.8857 1338.7347 3521.8286 """VARIABLE""" 5968.3804 "" "" "" 6099.821 5174.7197 0.1334 543.8995 602.63513 3.9375 """G""" 5.796033 1.0941286 1.9445316 1.3017162 1.2882
2265406171296997888 11.207589 11.590989 10.658865 2206.4402 592.1104 885.13184 """VARIABLE""" 5413.6655 5616.0 "" "" 5411.7295 4848.448 -0.0788 146.7996 166.95357 5.3115 """G""" 3.0546048 0.92155 0.5617196 0.85211194 0.8506
2440578577126302336 7.533826 7.8523903 7.04186 5129.4424 1564.607 2237.0896 """NOT_AVAILABLE""" 5656.0986 5759.0 "" "" 5992.798 4939.883 -0.2856 41.9626 42.804855 4.4056 """G""" 12.074641 0.935715 1.2706712 1.1739296 1.1773
2462426800883134336 6.2218833 6.6247096 5.6441274 6944.1196 1223.1088 1254.9044 """NOT_AVAILABLE""" "" 5286.0 "" "" 4874.16 5436.497 "" "" 33.3416 "" """G""" "" "" "" "" ""
2512326349403275520 9.414896 9.663556 8.970456 965.87036 1617.6725 2226.5156 """NOT_AVAILABLE""" 6220.2793 5931.0 "" "" 6137.0137 6150.6987 0.059 185.3462 205.25699 2.9876 """F""" 3.0933976 1.3478955 4.588268 1.845239 1.8348
2581916673708201216 14.119957 14.666219 13.425767 5285.7075 1140.0557 1277.0675 """NOT_AVAILABLE""" 4854.117 "" "" "" 4841.913 4782.0586 0.1806 401.1826 476.47595 5.9102 """K""" "" "" 0.35811996 0.8451718 0.8423
2613413008919918976 11.781729 12.171646 11.229384 3986.0872 1420.5688 1815.3093 """NOT_AVAILABLE""" 5400.1953 5536.0 "" "" 5389.0186 5194.919 0.327 265.8646 302.12204 4.6301 """G""" 12.983545 0.9051429 1.0517249 1.1712358 1.1652
2616766622463761024 11.365708 11.7020035 10.867293 2875.1724 2457.4136 2614.0068 """NOT_AVAILABLE""" 5667.1636 5727.0 "" "" 5942.782 4896.493 -0.1804 185.9923 264.1446 4.9786 """G""" 1.9075874 0.99383366 0.7767047 0.9155198 0.8992
2868528637464028160 12.010265 12.357514 11.497773 6365.865 1869.7698 2791.077 """VARIABLE""" 6061.677 6200.0 "" "" 5794.907 5431.5938 0.1905 459.7567 411.28583 3.4066 """F""" 4.558292 1.1815588 2.6309729 1.4712826 1.5907
2940856402123426176 7.3134713 8.365829 6.291551 5079.1504 2280.6277 2451.2063 """NOT_AVAILABLE""" "" 3928.0 "" "" "" "" "" "" "" "" """M""" "" "" "" "" ""
3107255598526406912 15.331723 15.764807 14.729461 2140.6638 221.11855 299.52704 """VARIABLE""" 5245.569 "" "" "" 4799.787 5351.2466 -0.4875 961.6229 1341.6481 5.2426 """F""" "" "" 0.800118 1.0806121 0.9535
3383298227579280640 13.0048275 13.765044 12.1578245 1972.9618 575.25446 279.22342 """VARIABLE""" 4445.019 4275.0 "" "" 4441.6797 3786.3652 0.4957 144.507 159.58583 6.8817 """K""" 13.205341 0.6973003 0.17265823 0.70026326 0.6952
3406687485600728192 9.731985 10.036352 9.259789 7538.0127 3921.7407 6105.635 """NOT_AVAILABLE""" 5851.6865 5987.0 "" "" 6074.774 5081.9556 -0.1245 128.4499 151.96176 4.1481 """G""" 7.613449 1.0315508 1.6070019 1.2333716 1.2276
3684934540986187776 7.3308573 7.780782 6.715018 6673.066 1707.4746 2181.2617 """NOT_AVAILABLE""" 4989.4634 5097.0 "" "" 5034.8154 4499.8374 -0.0591 21.0261 21.415659 5.7069 """K""" "" "" 0.41448495 0.8615928 0.8636
3958951942642583936 8.584036 8.944701 8.054386 5934.2314 4649.4443 4285.1313 """NOT_AVAILABLE""" 5495.789 5536.0 "" "" 5392.213 5112.323 0.1786 59.6612 60.904266 4.6934 """G""" "" "" 0.9674665 1.0850036 1.0882
4081376064109034496 12.62824 13.2266245 11.89359 4336.374 1229.7747 1387.6871 """NOT_AVAILABLE""" 4570.594 3852.0 "" "" 4687.1846 3997.5674 -0.2083 145.5101 169.56241 6.6886 """K""" 8.62819 0.72616684 0.1924965 0.6995274 0.6965
4199396753205879040 8.152353 8.632535 7.5133758 4653.8667 1263.5742 1721.7606 """NOT_AVAILABLE""" 4881.661 5027.0 "" "" 4990.5547 4289.5557 0.0462 27.8602 28.342175 5.9234 """K""" "" "" 0.3496189 0.82663745 0.8267
4275421969292868224 7.9681063 8.27333 7.4816737 4109.3916 2185.4944 1965.2938 """NOT_AVAILABLE""" 5729.588 5934.0 "" "" 5838.375 5620.424 -0.207 53.6103 57.669037 4.3029 """F""" 10.417143 0.9649503 1.3799948 1.1921926 1.198
4393265392168829056 12.996782 14.91244 11.682912 1106.429 416.31223 996.11017 """VARIABLE""" "" 2979.0 "" "" 3098.5464 3134.019 "" "" 27.524582 "" """M""" "" "" "" "" ""
4675352109659600000 10.616221 10.827892 10.261888 4902.348 3055.909 4163.4033 """NOT_AVAILABLE""" 6744.162 "" "" "" 6823.3516 5758.6074 -0.1766 346.1421 385.8648 2.8209 """F""" 1.8294212 1.4428642 5.6916633 1.7492232 1.7054
4906145613282734208 12.073773 12.378244 11.607803 3921.9397 1449.1423 2620.8135 """VARIABLE""" 5821.203 6402.0 "" "" 6097.986 5075.114 -0.0893 337.4406 440.3083 4.4257 """G""" 7.2217646 0.99558014 1.2549675 1.1015922 1.0904
4994237247949280000 11.629208 11.853756 11.255184 4210.8247 1871.4083 2565.9114 """NOT_AVAILABLE""" 6454.3584 6699.0 "" "" 6750.8945 5815.28 -0.0729 550.9135 643.4418 2.8993 """F""" 2.5132895 1.3761551 4.888104 1.768334 1.7862
5452743423618768000 10.933641 12.171782 9.824613 2640.9583 1232.0763 2079.4019 """NOT_AVAILABLE""" 3251.5981 3419.0 "" "" 3680.1318 3040.3496 -0.826 20.4127 20.401506 9.3526 """M""" "" "" 0.029844379 0.5445096 0.5458
5540006949934104448 7.0075817 7.346343 6.498011 7691.9585 2215.6165 2340.7842 """NOT_AVAILABLE""" 5579.8657 5671.0 "" "" 5521.211 5268.2495 -0.0014 29.2695 29.589378 4.6627 """G""" 12.748056 0.9032601 0.99568564 1.0677402 1.0688
5798962867668048768 6.6936617 7.049715 6.1680045 7971.345 2544.8364 2488.9216 """NOT_AVAILABLE""" 5512.538 5574.0 "" "" 5689.255 4801.151 0.1975 26.8266 27.05178 4.5405 """G""" "" "" 1.1107491 1.1557444 1.1589
5876112300125320448 6.14853 6.4514318 5.6776595 4590.975 1159.0839 799.8673 """NOT_AVAILABLE""" 5797.2397 5934.0 "" "" 6237.899 5233.139 -0.1765 24.008 24.086372 4.2344 """G""" 9.228877 0.98885804 1.4724559 1.202912 1.2047
6112606840179716096 10.974043 11.341164 10.43589 4232.3677 1543.8906 3127.05 """NOT_AVAILABLE""" 5475.071 5673.0 "" "" 5651.175 5185.6245 0.1477 174.3288 197.30566 4.7346 """G""" "" 0.8892903 0.93314874 1.0731361 1.0774
6171009049549197824 10.797681 11.049645 10.386858 4136.002 1380.5248 1311.366 """VARIABLE""" 6371.4927 6403.0 "" "" 6437.813 5770.823 -0.1427 283.9509 325.43958 3.4265 """F""" 2.8456485 1.2482865 3.0824559 1.4405789 1.4415
6462994429708755072 12.840169 13.1774235 12.3390665 3960.7236 1335.0548 2227.8289 """NOT_AVAILABLE""" 5600.015 "" "" "" 5803.5605 4997.244 -0.3703 371.3808 517.9159 4.9691 """G""" 5.25653 0.94579756 0.7483181 0.9270745 0.9308
